36
483 229 610 152 0 1486 1sansundertale
229 483 610 477 0 2725 1
483 610 229 0 0 533 1
483 610 229 477 0 927 1
660 406 229 0 0 0 2
406 660 229 356 0 229 2
457 533 216 0 0 762 2
457 533 216 152 0 4640 2
356 178 533 0 406 0 3
178 533 356 960 0 4640 3
457 165 330 152 0 1156 4
165 457 330 304 0 3985 4
330 457 165 457 114 762 5
330 457 165 960 0 914 5
203 229 381 960 0 2802 6
381 203 229 1112 0 2573 6
152 114 325 0 584 0 7
325 114 152 152 584 0 7
152 114 325 152 584 152 7
152 114 325 477 0 2096 7
325 114 152 457 0 762 7
114 325 152 960 325 2573 7
114 152 325 477 0 3335 7
152 114 325 477 0 3660 7
152 114 325 0 0 1156 7
325 114 152 635 0 2421 7
114 152 325 477 0 4315 7
325 114 152 457 571 762 7
114 325 152 896 229 2802 7
114 325 152 1163 0 2802 7
152 114 325 896 554 2802 7
114 152 325 1493 0 5321 7
152 325 114 960 0 2573 7
114 325 152 782 0 2573 7
114 152 325 960 0 4996 7
114 325 152 591 0 4315 7
25 17 8 11 1 26 19 12 10 18 3 7 23 28 27 13 24 34 9 2 31 29 4 5 6 36 15 30 22 33 16 20 21 32 14 35 
5 9 6 3 7 21 13 28 17 18 4 14 19 11 25 1 20 26 34 33 2 16 23 24 22 15 12 27 29 30 31 36 8 10 35 32 
5 10 11 25 30 26 3 15 29 6 21 1 9 32 31 14 12 13 16 33 22 34 28 23 35 4 2 8 24 20 7 36 27 19 18 17 
36
483 229 610 152 0 1460 1sansundertale
229 483 610 477 0 2699 1
483 610 229 0 0 533 1
483 610 229 706 0 4289 1
660 406 229 0 0 0 2
406 660 229 356 0 229 2
457 533 216 0 0 762 2
457 533 216 152 0 4614 2
356 178 533 0 406 0 3
178 533 356 960 0 4614 3
457 165 330 152 0 1130 4
165 457 330 304 0 3959 4
330 457 165 457 114 762 5
330 457 165 787 0 914 5
203 229 381 896 0 2776 6
381 203 229 1048 0 2547 6
152 114 325 0 584 0 7
325 114 152 152 584 0 7
152 114 325 152 584 152 7
152 114 325 591 0 2070 7
325 114 152 457 0 762 7
114 325 152 896 325 2547 7
114 152 325 477 0 3309 7
152 114 325 477 0 3634 7
152 114 325 0 0 1130 7
325 114 152 635 0 2395 7
114 152 325 477 0 4289 7
325 114 152 457 571 762 7
114 325 152 896 229 2776 7
114 325 152 1099 0 2776 7
152 114 325 896 554 2776 7
114 152 325 1429 0 5295 7
152 325 114 896 0 2547 7
114 325 152 782 0 2547 7
114 152 325 1189 0 4970 7
114 325 152 477 0 978 7
25 17 8 11 1 26 19 12 10 18 3 7 23 28 27 13 24 34 9 2 31 29 4 5 6 36 15 30 22 33 16 20 21 32 14 35 
5 9 6 3 7 21 13 28 17 18 36 14 19 11 25 1 20 26 34 33 2 16 23 24 22 15 12 27 29 30 31 4 8 10 35 32 
5 10 11 25 30 26 3 15 29 6 21 1 9 32 31 14 12 13 16 33 22 34 28 23 35 4 2 8 24 20 7 36 27 19 18 17 
36
483 229 610 152 0 1486 1sansundertale
229 483 610 477 0 2573 1
483 610 229 0 0 533 1
483 610 229 477 0 927 1
660 406 229 0 0 0 2
406 660 229 356 0 229 2
457 533 216 0 0 762 2
457 533 216 152 0 4488 2
356 178 533 0 406 0 3
178 533 356 960 0 4488 3
457 165 330 152 0 1156 4
165 457 330 304 0 3833 4
330 457 165 457 114 762 5
330 457 165 960 0 914 5
203 229 381 960 0 2802 6
381 203 229 1112 0 2573 6
152 114 325 0 584 0 7
325 114 152 152 584 0 7
152 114 325 152 584 152 7
152 114 325 477 0 2096 7
325 114 152 457 0 762 7
114 325 152 960 325 2573 7
114 152 325 477 0 3183 7
152 114 325 477 0 3508 7
152 114 325 0 0 1156 7
325 114 152 635 0 2421 7
114 152 325 477 0 4163 7
325 114 152 457 571 762 7
152 325 114 782 0 2573 7
114 325 152 1163 0 2802 7
152 114 325 787 0 3508 7
114 152 325 1493 0 5169 7
152 325 114 960 0 2573 7
114 152 325 787 0 3183 7
114 152 325 960 0 4844 7
114 325 152 591 0 4163 7
25 17 8 11 1 26 19 12 10 18 3 7 23 28 27 13 24 34 9 2 31 29 4 5 6 36 15 30 22 33 16 20 21 32 14 35 
5 9 6 3 7 21 13 28 17 18 4 14 19 11 25 1 20 26 29 33 2 16 23 24 22 15 12 27 34 30 31 36 8 10 35 32 
5 10 11 25 30 26 3 15 34 6 21 1 9 32 31 14 12 13 16 33 22 29 28 23 35 4 2 8 24 20 7 36 27 19 18 17 
36
483 229 610 152 0 1486 1sansundertale
229 483 610 477 0 2725 1
483 610 229 0 0 533 1
483 610 229 477 0 927 1
660 406 229 0 0 0 2
406 660 229 356 0 229 2
457 533 216 0 0 762 2
457 533 216 152 0 4640 2
356 178 533 0 406 0 3
178 356 533 960 0 229 3
457 165 330 152 0 1156 4
165 457 330 304 0 3985 4
330 457 165 457 114 762 5
330 457 165 609 0 4640 5
203 229 381 960 0 2802 6
381 203 229 1112 0 2573 6
152 114 325 0 584 0 7
325 114 152 152 584 0 7
152 114 325 152 584 152 7
152 114 325 477 0 2096 7
325 114 152 457 0 762 7
114 325 152 960 325 2573 7
114 152 325 477 0 3335 7
152 114 325 477 0 3660 7
152 114 325 0 0 1156 7
325 114 152 635 0 2421 7
114 152 325 477 0 4315 7
325 114 152 457 571 762 7
114 325 152 896 229 2802 7
114 325 152 1163 0 2802 7
152 114 325 896 554 2802 7
114 152 325 1493 0 5130 7
152 325 114 960 0 2573 7
114 325 152 782 0 2573 7
114 152 325 960 0 4805 7
114 325 152 591 0 4315 7
25 17 8 11 1 26 19 12 14 18 3 7 23 28 27 13 24 34 9 2 31 29 4 5 6 36 15 30 22 33 16 20 21 32 10 35 
5 9 6 3 7 21 13 28 17 18 4 10 19 11 25 1 20 26 34 33 2 16 23 24 22 15 12 27 29 30 31 36 8 14 35 32 
5 10 11 25 30 26 3 15 29 6 21 1 9 32 31 14 12 13 16 33 22 34 28 23 35 4 2 8 24 20 7 36 27 19 18 17 
36
483 229 610 152 0 1486 1sansundertale
229 483 610 477 0 2725 1
483 610 229 0 0 533 1
483 610 229 477 0 927 1
660 406 229 0 0 0 2
406 660 229 356 0 229 2
457 533 216 0 0 762 2
457 533 216 960 0 914 2
356 178 533 0 406 0 3
178 533 356 960 0 4640 3
457 165 330 152 0 1156 4
165 457 330 304 0 3985 4
330 457 165 457 114 762 5
330 457 165 152 0 4640 5
203 229 381 960 0 2802 6
381 203 229 1112 0 2573 6
152 114 325 0 584 0 7
325 114 152 152 584 0 7
152 114 325 152 584 152 7
152 114 325 477 0 2096 7
325 114 152 457 0 762 7
114 325 152 960 325 2573 7
114 152 325 477 0 3335 7
152 114 325 477 0 3660 7
152 114 325 0 0 1156 7
325 114 152 635 0 2421 7
114 152 325 477 0 4315 7
325 114 152 457 571 762 7
114 325 152 896 229 2802 7
114 325 152 1163 0 2802 7
152 114 325 896 554 2802 7
114 152 325 1493 0 5321 7
152 325 114 960 0 2573 7
114 325 152 782 0 2573 7
114 152 325 960 0 4996 7
114 325 152 591 0 4315 7
25 17 14 11 1 26 19 12 10 18 3 7 23 28 27 13 24 34 9 2 31 29 4 5 6 36 15 30 22 33 16 20 21 32 8 35 
5 9 6 3 7 21 13 28 17 18 4 8 19 11 25 1 20 26 34 33 2 16 23 24 22 15 12 27 29 30 31 36 14 10 35 32 
5 10 11 25 30 26 3 15 29 6 21 1 9 32 31 8 12 13 16 33 22 34 28 23 35 4 2 14 24 20 7 36 27 19 18 17 
36
483 229 610 152 0 1811 1sansundertale
229 483 610 629 0 3050 1
483 610 229 0 0 533 1
483 610 229 477 0 927 1
660 406 229 0 0 0 2
406 660 229 356 0 229 2
457 533 216 0 0 762 2
457 533 216 152 0 5117 2
356 178 533 0 406 0 3
178 533 356 960 0 5117 3
457 165 330 152 0 1156 4
165 457 330 304 0 4462 4
330 457 165 457 114 762 5
330 457 165 960 0 914 5
203 229 381 960 0 4462 6
381 203 229 1112 0 2898 6
152 114 325 0 584 0 7
325 114 152 152 584 0 7
152 114 325 152 584 152 7
152 114 325 477 0 2421 7
325 114 152 457 0 762 7
114 325 152 960 0 4310 7
114 152 325 477 0 3660 7
152 114 325 0 0 3985 7
152 114 325 477 0 1486 7
325 114 152 635 0 2746 7
114 152 325 477 0 4792 7
325 114 152 457 571 762 7
114 325 152 896 229 4462 7
114 325 152 1163 0 4462 7
152 114 325 896 554 4462 7
114 152 325 1493 0 5798 7
152 325 114 960 0 2898 7
114 325 152 782 0 2898 7
114 152 325 960 0 5473 7
114 325 152 591 0 4792 7
24 17 8 11 1 26 19 12 10 18 3 7 23 28 27 13 25 34 9 2 31 29 4 5 6 36 15 30 22 33 16 20 21 32 14 35 
5 9 6 3 7 21 13 28 17 18 4 14 19 11 25 1 20 26 34 33 2 16 23 24 22 15 12 27 29 30 31 36 8 10 35 32 
5 10 11 24 30 26 3 15 29 6 21 1 9 32 31 14 12 13 16 33 22 34 28 23 35 4 2 8 25 20 7 36 27 19 18 17 
36
483 229 610 152 0 1486 1sansundertale
229 483 610 477 0 2725 1
483 610 229 0 0 533 1
483 610 229 477 0 927 1
660 406 229 0 0 0 2
406 660 229 356 0 229 2
457 533 216 0 0 762 2
457 533 216 152 0 4640 2
356 178 533 0 406 0 3
178 533 356 960 0 4640 3
457 165 330 152 0 1156 4
165 457 330 304 0 3985 4
330 457 165 457 114 762 5
330 457 165 960 0 914 5
203 229 381 960 0 2802 6
381 203 229 1112 0 2573 6
152 114 325 0 584 0 7
325 114 152 152 584 0 7
152 114 325 152 584 152 7
152 114 325 477 0 2096 7
325 114 152 457 0 762 7
114 325 152 960 325 2573 7
114 152 325 477 0 3335 7
152 114 325 477 0 3660 7
152 114 325 1493 0 4996 7
325 114 152 635 0 2421 7
114 152 325 477 0 4315 7
325 114 152 457 571 762 7
114 325 152 896 229 2802 7
114 325 152 1163 0 2802 7
152 114 325 896 554 2802 7
114 152 325 1493 114 4996 7
152 325 114 960 0 2573 7
114 325 152 782 0 2573 7
114 152 325 0 0 1156 7
114 325 152 591 0 4315 7
35 17 8 11 1 26 19 12 10 18 3 7 23 28 27 13 24 34 9 2 31 29 4 5 6 36 15 30 22 33 16 20 21 32 14 25 
5 9 6 3 7 21 13 28 17 18 4 14 19 11 35 1 20 26 34 33 2 16 23 24 22 15 12 27 29 30 31 36 8 10 25 32 
5 10 11 25 30 26 3 15 29 6 21 1 9 32 31 14 12 13 16 33 22 34 28 23 35 4 2 8 24 20 7 36 27 19 18 17 
36
483 229 610 477 0 1963 1sansundertale
229 483 610 477 0 2725 1
483 610 229 0 0 533 1
483 610 229 477 0 927 1
660 406 229 0 0 0 2
406 660 229 356 0 229 2
457 533 216 0 0 762 2
457 533 216 152 0 4640 2
356 178 533 0 406 0 3
178 533 356 960 0 4640 3
457 165 330 152 0 1156 4
165 457 330 304 0 3985 4
330 457 165 457 114 762 5
330 457 165 960 0 914 5
203 229 381 960 0 2802 6
381 203 229 1112 0 2573 6
152 114 325 0 584 0 7
325 114 152 152 584 0 7
152 114 325 152 584 152 7
152 114 325 477 0 1638 7
325 114 152 457 0 762 7
114 325 152 960 325 2573 7
114 152 325 477 0 3335 7
152 114 325 477 0 3660 7
152 114 325 0 0 1156 7
325 114 152 152 0 1486 7
114 152 325 477 0 4315 7
325 114 152 457 571 762 7
114 325 152 896 229 2802 7
114 325 152 1163 0 2802 7
152 114 325 896 554 2802 7
114 152 325 1493 0 5321 7
152 325 114 960 0 2573 7
114 325 152 782 0 2573 7
114 152 325 960 0 4996 7
114 325 152 591 0 4315 7
25 17 8 11 26 1 19 12 10 18 3 7 23 28 27 13 24 34 9 2 31 29 4 5 6 36 15 30 22 33 16 20 21 32 14 35 
5 9 6 3 7 21 13 28 17 18 4 14 19 11 25 26 20 1 34 33 2 16 23 24 22 15 12 27 29 30 31 36 8 10 35 32 
5 10 11 25 30 1 3 15 29 6 21 26 9 32 31 14 12 13 16 33 22 34 28 23 35 4 2 8 24 20 7 36 27 19 18 17 
36
483 229 610 152 0 1569 1sansundertale
229 483 610 477 0 2648 1
483 610 229 0 0 533 1
483 610 229 477 0 927 1
660 406 229 0 0 0 2
406 660 229 356 0 229 2
457 533 216 0 0 762 2
457 533 216 152 0 4563 2
356 178 533 0 406 0 3
178 533 356 960 0 4563 3
457 165 330 152 0 1239 4
165 457 330 304 0 3908 4
330 457 165 457 114 762 5
330 457 165 477 0 2179 5
203 229 381 960 0 2725 6
381 203 229 1112 0 2496 6
152 114 325 0 584 0 7
325 114 152 152 584 0 7
152 114 325 152 584 152 7
114 152 325 960 0 914 7
325 114 152 457 0 762 7
114 325 152 960 325 2496 7
114 152 325 477 0 3258 7
152 114 325 477 0 3583 7
152 114 325 0 0 1239 7
325 114 152 635 0 2344 7
114 152 325 477 0 4238 7
325 114 152 457 571 762 7
114 325 152 896 229 2725 7
114 325 152 1163 0 2725 7
152 114 325 896 554 2725 7
114 152 325 1493 0 5244 7
152 325 114 960 0 2496 7
114 325 152 782 0 2496 7
114 152 325 960 0 4919 7
114 325 152 591 0 4238 7
25 17 8 11 1 26 19 12 10 18 3 7 23 28 27 13 24 34 9 2 31 29 4 5 6 36 15 30 22 33 16 14 21 32 20 35 
5 9 6 3 7 21 13 28 17 18 4 20 19 11 25 1 14 26 34 33 2 16 23 24 22 15 12 27 29 30 31 36 8 10 35 32 
5 10 11 25 30 26 3 15 29 6 21 1 9 32 31 20 12 13 16 33 22 34 28 23 35 4 2 8 24 14 7 36 27 19 18 17 
36
483 229 610 152 0 1486 1sansundertale
229 483 610 477 0 2725 1
483 610 229 0 0 533 1
483 610 229 477 0 927 1
660 406 229 0 0 0 2
406 660 229 356 0 229 2
457 533 216 0 0 762 2
457 533 216 152 0 4640 2
356 178 533 0 406 0 3
178 356 533 1493 0 5290 3
457 165 330 152 0 1156 4
165 457 330 304 0 3985 4
330 457 165 457 114 762 5
330 457 165 960 0 914 5
203 229 381 960 0 2802 6
381 203 229 1112 0 2573 6
152 114 325 0 584 0 7
325 114 152 152 584 0 7
152 114 325 152 584 152 7
152 114 325 477 0 2096 7
325 114 152 457 0 762 7
114 325 152 960 325 2573 7
114 152 325 477 0 3335 7
152 114 325 477 0 3660 7
152 114 325 0 0 1156 7
325 114 152 635 0 2421 7
114 152 325 477 0 4315 7
325 114 152 457 571 762 7
114 325 152 896 229 2802 7
114 325 152 1163 0 2802 7
152 114 325 896 554 2802 7
114 152 325 960 0 4640 7
152 325 114 960 0 2573 7
114 325 152 782 0 2573 7
114 152 325 960 0 4965 7
114 325 152 591 0 4315 7
25 17 8 11 1 26 19 12 32 18 3 7 23 28 27 13 24 34 9 2 31 29 4 5 6 36 15 30 22 33 16 20 21 10 14 35 
5 9 6 3 7 21 13 28 17 18 4 14 19 11 25 1 20 26 34 33 2 16 23 24 22 15 12 27 29 30 31 36 8 32 35 10 
5 32 11 25 30 26 3 15 29 6 21 1 9 10 31 14 12 13 16 33 22 34 28 23 35 4 2 8 24 20 7 36 27 19 18 17 
36
483 229 610 152 0 1486 1sansundertale
229 483 610 477 0 2725 1
483 610 229 0 0 533 1
483 610 229 477 0 927 1
660 406 229 0 0 0 2
406 660 229 356 0 229 2
457 533 216 0 0 762 2
457 533 216 152 0 4640 2
356 178 533 0 406 0 3
178 356 533 1112 0 2421 3
457 165 330 152 0 1156 4
165 457 330 304 0 3985 4
330 457 165 457 114 762 5
330 457 165 960 0 914 5
203 229 381 960 356 2725 6
203 381 229 609 0 4640 6
152 114 325 0 584 0 7
325 114 152 152 584 0 7
152 114 325 152 584 152 7
152 114 325 477 0 2096 7
325 114 152 457 0 762 7
114 325 152 960 325 2573 7
114 152 325 477 0 3335 7
152 114 325 477 0 3660 7
152 114 325 0 0 1156 7
325 114 152 635 0 2421 7
114 152 325 477 0 4315 7
325 114 152 457 571 762 7
114 325 152 896 585 2725 7
114 325 152 1163 356 2725 7
152 114 325 896 910 2725 7
114 152 325 1112 0 5194 7
152 325 114 960 0 2573 7
114 325 152 782 0 2573 7
114 152 325 960 0 4869 7
114 325 152 591 0 4315 7
25 17 8 11 1 26 19 12 16 18 3 7 23 28 27 13 24 34 9 2 31 29 4 5 6 36 15 30 22 33 10 20 21 32 14 35 
5 9 6 3 7 21 13 28 17 18 4 14 19 11 25 1 20 26 34 33 2 10 23 24 22 15 12 27 29 30 31 36 8 16 35 32 
5 10 11 25 30 26 3 15 29 6 21 1 9 32 31 14 12 13 16 33 22 34 28 23 35 4 2 8 24 20 7 36 27 19 18 17 
36
483 229 610 152 0 1862 1sansundertale
229 483 610 477 0 3101 1
483 610 229 0 0 533 1
483 610 229 477 0 927 1
660 406 229 0 0 0 2
406 660 229 356 0 229 2
457 533 216 0 0 762 2
457 533 216 152 0 5016 2
356 178 533 0 406 0 3
178 533 356 960 0 5016 3
457 165 330 960 0 3178 4
165 457 330 304 0 4361 4
330 457 165 457 114 762 5
330 457 165 960 0 914 5
203 229 381 152 0 1156 6
381 203 229 1112 0 2949 6
152 114 325 0 584 0 7
325 114 152 152 584 0 7
152 114 325 152 584 152 7
152 114 325 477 0 2472 7
325 114 152 457 0 762 7
114 325 152 960 325 2949 7
114 152 325 477 0 3711 7
152 114 325 477 0 4036 7
152 114 325 0 0 1537 7
325 114 152 635 0 2797 7
114 152 325 477 0 4691 7
325 114 152 457 571 762 7
114 325 152 896 165 3178 7
114 325 152 1010 0 3508 7
152 114 325 896 490 3178 7
114 152 325 1493 0 5697 7
152 325 114 960 0 2949 7
114 325 152 782 0 2949 7
114 152 325 960 0 5372 7
114 325 152 591 0 4691 7
25 17 8 15 1 26 19 12 10 18 3 7 23 28 27 13 24 34 9 2 31 29 4 5 6 36 11 30 22 33 16 20 21 32 14 35 
5 9 6 3 7 21 13 28 17 18 4 14 19 15 25 1 20 26 34 33 2 16 23 24 22 11 12 27 29 30 31 36 8 10 35 32 
5 10 11 25 30 26 3 15 29 6 21 1 9 32 31 14 12 13 16 33 22 34 28 23 35 4 2 8 24 20 7 36 27 19 18 17 
36
483 229 610 152 0 1486 1sansundertale
229 483 610 629 0 2725 1
483 610 229 0 0 533 1
483 610 229 477 0 927 1
660 406 229 0 0 0 2
406 660 229 356 0 229 2
457 533 216 0 0 762 2
457 533 216 152 0 4792 2
356 178 533 0 406 0 3
178 533 356 960 0 4792 3
457 165 330 152 0 1156 4
165 457 330 304 0 4137 4
330 457 165 457 114 762 5
330 457 165 960 0 914 5
203 229 381 960 0 4137 6
381 203 229 1112 0 2573 6
152 114 325 0 584 0 7
325 114 152 152 584 0 7
152 114 325 152 584 152 7
152 114 325 629 0 3660 7
325 114 152 457 0 762 7
114 325 152 960 0 3985 7
114 152 325 477 0 3335 7
152 114 325 477 0 2096 7
152 114 325 0 0 1156 7
325 114 152 635 0 2421 7
114 152 325 477 0 4467 7
325 114 152 457 571 762 7
114 325 152 896 229 4137 7
114 325 152 1163 0 4137 7
152 114 325 896 554 4137 7
114 152 325 1493 0 5473 7
152 325 114 960 0 2573 7
114 325 152 782 0 2573 7
114 152 325 960 0 5148 7
114 325 152 591 0 4467 7
25 17 8 11 1 26 19 12 10 18 3 7 23 28 27 13 24 34 9 2 31 29 4 5 6 36 15 30 22 33 16 20 21 32 14 35 
5 9 6 3 7 21 13 28 17 18 4 14 19 11 25 1 24 26 34 33 2 16 23 20 22 15 12 27 29 30 31 36 8 10 35 32 
5 10 11 25 30 26 3 15 29 6 21 1 9 32 31 14 12 13 16 33 22 34 28 23 35 4 2 8 20 24 7 36 27 19 18 17 
36
483 229 610 152 0 1486 1sansundertale
229 483 610 477 0 2725 1
483 610 229 0 0 533 1
483 610 229 477 0 927 1
660 406 229 0 0 0 2
406 660 229 356 0 229 2
457 533 216 0 0 762 2
457 533 216 152 0 4315 2
356 178 533 0 406 0 3
178 533 356 960 0 4315 3
457 165 330 152 0 1156 4
165 457 330 304 0 3335 4
330 457 165 457 114 762 5
330 457 165 960 0 914 5
203 229 381 1285 0 2802 6
381 203 229 1112 0 2573 6
152 114 325 0 584 0 7
325 114 152 152 584 0 7
152 114 325 152 584 152 7
152 114 325 477 0 2096 7
325 114 152 457 0 762 7
114 325 152 1285 203 2573 7
114 152 325 477 0 3990 7
152 114 325 477 483 2573 7
152 114 325 0 0 1156 7
325 114 152 635 0 2421 7
114 152 325 477 0 3665 7
325 114 152 457 571 762 7
114 325 152 896 0 2877 7
114 325 152 1488 0 2802 7
152 114 325 896 325 2877 7
114 152 325 1493 0 4996 7
152 325 114 960 0 2573 7
114 325 152 782 0 2573 7
114 152 325 960 0 4671 7
325 114 152 960 203 2725 7
25 17 8 11 1 26 19 12 10 18 3 7 23 28 27 13 24 34 9 2 31 29 4 5 6 36 15 30 22 33 16 20 21 32 14 35 
5 9 6 3 7 21 13 28 17 18 4 14 19 11 25 1 20 26 34 33 2 16 36 24 22 15 12 27 29 30 31 23 8 10 35 32 
5 10 11 25 30 26 3 15 29 6 21 1 9 32 31 14 12 13 16 33 22 34 28 36 35 4 2 8 24 20 7 23 27 19 18 17 
36
483 229 610 152 0 1486 1sansundertale
229 483 610 477 0 2725 1
483 610 229 0 0 533 1
483 610 229 477 0 927 1
660 406 229 0 0 0 2
406 660 229 356 0 229 2
457 533 216 0 0 762 2
457 533 216 152 0 4640 2
356 178 533 0 406 0 3
178 533 356 960 0 4640 3
457 165 330 152 0 1156 4
165 457 330 304 0 3985 4
330 457 165 457 114 762 5
330 457 165 960 0 914 5
203 229 381 960 0 2802 6
381 203 229 1112 0 2573 6
152 114 325 0 584 0 7
325 114 152 152 584 0 7
152 114 325 152 584 152 7
152 114 325 477 0 2096 7
325 114 152 457 0 762 7
114 325 152 960 325 2573 7
114 152 325 477 0 3335 7
152 114 325 477 0 3660 7
152 114 325 0 0 1156 7
325 114 152 635 0 2421 7
114 152 325 477 0 4315 7
325 114 152 457 571 762 7
114 325 152 896 229 2802 7
114 325 152 1163 0 2802 7
152 114 325 1493 0 5321 7
114 325 152 896 554 2802 7
152 325 114 960 0 2573 7
114 325 152 782 0 2573 7
114 152 325 960 0 4996 7
114 325 152 591 0 4315 7
25 17 8 11 1 26 19 12 10 18 3 7 23 28 27 13 24 34 9 2 32 29 4 5 6 36 15 30 22 33 16 20 21 31 14 35 
5 9 6 3 7 21 13 28 17 18 4 14 19 11 25 1 20 26 34 33 2 16 23 24 22 15 12 27 29 30 32 36 8 10 35 31 
5 10 11 25 30 26 3 15 29 6 21 1 9 32 31 14 12 13 16 33 22 34 28 23 35 4 2 8 24 20 7 36 27 19 18 17 
36
483 229 610 165 0 1486 1sansundertale
229 483 610 477 0 2725 1
483 610 229 0 0 533 1
483 610 229 477 0 927 1
660 406 229 0 0 0 2
406 660 229 356 0 229 2
457 533 216 0 0 762 2
457 533 216 152 0 4787 2
356 178 533 0 406 0 3
178 533 356 1125 0 4787 3
457 165 330 152 0 1156 4
165 330 457 0 165 1156 4
330 457 165 457 114 762 5
330 457 165 960 0 914 5
203 229 381 960 0 2802 6
381 203 229 1112 0 2573 6
152 114 325 0 584 0 7
325 114 152 152 584 0 7
152 114 325 152 584 152 7
152 114 325 477 0 2096 7
325 114 152 457 0 762 7
114 325 152 960 325 2573 7
114 152 325 477 0 3335 7
152 114 325 477 0 3660 7
152 114 325 973 0 3985 7
325 114 152 648 0 2421 7
114 152 325 477 0 4310 7
325 114 152 457 571 762 7
114 325 152 896 0 4310 7
114 325 152 1163 0 4310 7
152 114 325 896 325 4310 7
114 152 325 1493 0 5468 7
152 325 114 960 0 2573 7
114 325 152 782 0 2573 7
114 152 325 960 0 5143 7
114 325 152 591 0 4635 7
12 17 8 11 1 26 19 25 10 18 3 7 23 28 27 13 24 34 9 2 31 29 4 5 6 36 15 30 22 33 16 20 21 32 14 35 
5 9 6 3 7 21 13 28 17 18 4 14 19 11 12 1 20 26 34 33 2 16 23 24 22 15 25 27 29 30 31 36 8 10 35 32 
5 10 11 25 30 26 3 15 29 6 21 1 9 32 31 14 12 13 16 33 22 34 28 23 35 4 2 8 24 20 7 36 27 19 18 17 
36
483 229 610 152 0 1486 1sansundertale
229 483 610 477 0 2725 1
483 610 229 0 0 533 1
483 610 229 477 0 927 1
660 406 229 0 0 0 2
406 660 229 356 0 229 2
457 533 216 0 0 762 2
457 533 216 152 0 4640 2
356 178 533 0 406 0 3
178 533 356 960 0 4640 3
457 165 330 152 0 1156 4
165 457 330 304 0 3985 4
330 457 165 457 114 762 5
330 457 165 960 0 914 5
203 229 381 960 0 2802 6
381 203 229 1112 0 2573 6
152 114 325 0 584 0 7
325 114 152 152 584 0 7
152 114 325 152 584 152 7
152 114 325 477 0 2096 7
325 114 152 457 0 762 7
114 325 152 960 325 2573 7
114 152 325 477 0 3335 7
152 114 325 477 0 3660 7
114 325 152 1493 0 5321 7
325 114 152 635 0 2421 7
114 152 325 477 0 4315 7
325 114 152 457 571 762 7
114 325 152 896 229 2802 7
114 325 152 1163 0 2802 7
152 114 325 896 554 2802 7
152 325 114 0 0 1156 7
152 325 114 960 0 2573 7
114 325 152 782 0 2573 7
114 152 325 960 0 4996 7
114 325 152 591 0 4315 7
32 17 8 11 1 26 19 12 10 18 3 7 23 28 27 13 24 34 9 2 31 29 4 5 6 36 15 30 22 33 16 20 21 25 14 35 
5 9 6 3 7 21 13 28 17 18 4 14 19 11 32 1 20 26 34 33 2 16 23 24 22 15 12 27 29 30 31 36 8 10 35 25 
5 10 11 32 30 26 3 15 29 6 21 1 9 25 31 14 12 13 16 33 22 34 28 23 35 4 2 8 24 20 7 36 27 19 18 17 
36
483 229 610 152 0 1486 1sansundertale
229 483 610 477 0 2687 1
483 610 229 0 0 533 1
483 610 229 477 0 927 1
660 406 229 0 0 0 2
406 660 229 356 0 229 2
457 533 216 0 0 762 2
457 533 216 152 0 4602 2
356 178 533 0 406 0 3
178 533 356 960 0 4602 3
457 165 330 152 0 1156 4
165 457 330 304 0 3947 4
330 457 165 457 114 762 5
330 457 165 960 0 914 5
203 229 381 1107 0 2802 6
381 203 229 1259 0 2573 6
152 114 325 0 584 0 7
325 114 152 152 584 0 7
152 114 325 152 584 152 7
152 114 325 477 0 2096 7
325 114 152 457 0 762 7
114 325 152 1107 325 2573 7
114 152 325 477 0 3297 7
152 114 325 477 0 3622 7
152 114 325 0 0 1156 7
325 114 152 635 0 2421 7
325 152 114 782 0 2573 7
325 114 152 457 571 762 7
114 325 152 1107 229 2802 7
114 325 152 1310 0 2802 7
152 114 325 1107 554 2802 7
114 152 325 1640 0 5283 7
152 325 114 1107 0 2573 7
114 152 325 477 0 4277 7
114 152 325 960 0 4958 7
114 325 152 591 0 4277 7
25 17 8 11 1 26 19 12 10 18 3 7 23 28 34 13 24 27 9 2 31 29 4 5 6 36 15 30 22 33 16 20 21 32 14 35 
5 9 6 3 7 21 13 28 17 18 4 14 19 11 25 1 20 26 27 33 2 16 23 24 22 15 12 34 29 30 31 36 8 10 35 32 
5 10 11 25 30 26 3 15 29 6 21 1 9 32 31 14 12 13 16 33 22 27 28 23 35 4 2 8 24 20 7 36 34 19 18 17 
36
483 229 610 152 0 1486 1sansundertale
229 483 610 477 0 2725 1
483 610 229 0 0 533 1
483 610 229 477 0 927 1
660 406 229 0 0 0 2
406 660 229 356 0 229 2
457 533 216 0 0 762 2
457 533 216 152 0 4462 2
356 178 533 0 406 0 3
178 533 356 960 0 4462 3
457 165 330 152 0 1156 4
165 457 330 896 229 2802 4
330 457 165 457 114 762 5
330 457 165 960 0 914 5
203 229 381 960 0 2802 6
381 203 229 1112 0 2573 6
152 114 325 0 584 0 7
325 114 152 152 584 0 7
152 114 325 152 584 152 7
152 114 325 477 0 2096 7
325 114 152 457 0 762 7
114 325 152 960 325 2573 7
114 152 325 477 0 3335 7
152 114 325 477 0 3660 7
152 114 325 0 0 1156 7
325 114 152 635 0 2421 7
114 152 325 477 114 3660 7
325 114 152 457 571 762 7
114 325 152 1061 229 2802 7
114 325 152 1175 0 2802 7
152 114 325 304 0 3985 7
114 152 325 1493 0 5143 7
152 325 114 960 0 2573 7
114 325 152 782 0 2573 7
114 152 325 960 0 4818 7
114 325 152 591 0 4310 7
25 17 8 11 1 26 19 31 10 18 3 7 23 28 27 13 24 34 9 2 12 29 4 5 6 36 15 30 22 33 16 20 21 32 14 35 
5 9 6 3 7 21 13 28 17 18 4 14 19 11 25 1 20 26 34 33 2 16 23 24 22 15 12 27 29 30 31 36 8 10 35 32 
5 10 11 25 30 26 3 15 29 6 21 1 9 32 12 14 31 13 16 33 22 34 28 23 35 4 2 8 24 20 7 36 27 19 18 17 
36
483 229 610 152 0 1600 1sansundertale
229 483 610 477 0 2839 1
483 610 229 0 0 533 1
483 610 229 477 0 927 1
660 406 229 0 0 0 2
406 660 229 356 0 229 2
457 533 216 0 0 762 2
457 533 216 152 0 4754 2
356 178 533 0 406 0 3
178 533 356 960 0 4754 3
457 165 330 152 0 1156 4
165 457 330 304 0 4099 4
330 457 165 457 114 762 5
330 457 165 960 0 914 5
203 229 381 960 0 2916 6
381 203 229 1112 0 2687 6
152 114 325 0 584 0 7
325 114 152 152 584 0 7
152 114 325 152 584 152 7
152 114 325 477 0 2210 7
325 114 152 457 0 762 7
114 325 152 960 325 2687 7
114 152 325 477 0 3449 7
152 114 325 477 0 3774 7
152 325 114 960 0 1486 7
325 114 152 635 0 2535 7
114 152 325 477 0 4429 7
325 114 152 457 571 762 7
114 325 152 896 229 2916 7
114 325 152 1163 0 2916 7
152 114 325 896 554 2916 7
114 152 325 1493 0 5295 7
152 325 114 960 0 2687 7
114 325 152 782 0 2687 7
152 114 325 0 0 4970 7
114 325 152 591 0 4429 7
35 17 8 11 1 26 19 12 10 18 3 7 23 28 27 13 24 34 9 2 31 29 4 5 6 36 15 30 22 33 16 20 21 32 14 25 
5 9 6 3 7 21 13 28 17 18 4 14 19 11 25 1 20 26 34 33 2 16 23 24 22 15 12 27 29 30 31 36 8 10 35 32 
5 10 11 35 30 26 3 15 29 6 21 1 9 32 31 14 12 13 16 33 22 34 28 23 25 4 2 8 24 20 7 36 27 19 18 17 
36
483 229 610 152 0 1486 1sansundertale
229 483 610 477 0 2725 1
483 610 229 0 0 533 1
483 610 229 477 0 927 1
660 406 229 0 0 0 2
406 660 229 356 0 229 2
457 533 216 0 0 762 2
457 533 216 152 0 4640 2
356 178 533 0 406 0 3
178 533 356 960 0 4640 3
457 165 330 152 0 1156 4
165 457 330 304 0 3985 4
330 457 165 457 114 762 5
330 457 165 960 0 914 5
203 229 381 960 0 2802 6
381 203 229 1112 0 2573 6
152 114 325 0 584 0 7
325 114 152 152 584 0 7
152 114 325 152 584 152 7
152 114 325 477 0 2096 7
325 152 114 1493 0 1486 7
114 325 152 960 325 2573 7
114 152 325 477 0 3335 7
152 114 325 477 0 3660 7
152 114 325 0 0 1156 7
325 114 152 635 0 2421 7
114 152 325 477 0 4315 7
325 114 152 457 571 762 7
114 325 152 896 229 2802 7
325 114 152 457 0 762 7
152 114 325 896 554 2802 7
114 152 325 1493 0 5321 7
152 325 114 960 0 2573 7
114 325 152 782 0 2573 7
114 152 325 960 0 4996 7
114 325 152 591 0 4315 7
25 17 8 11 1 26 19 12 10 18 3 7 23 28 27 13 24 34 9 2 31 29 4 5 6 36 15 30 22 33 16 20 21 32 14 35 
5 9 6 3 7 30 13 28 17 18 4 14 19 11 25 1 20 26 34 33 2 16 23 24 22 15 12 27 29 21 31 36 8 10 35 32 
5 10 11 25 21 26 3 15 29 6 30 1 9 32 31 14 12 13 16 33 22 34 28 23 35 4 2 8 24 20 7 36 27 19 18 17 
36
483 229 610 152 0 1486 1sansundertale
229 483 610 477 0 2573 1
483 610 229 0 0 533 1
483 610 229 477 0 927 1
660 406 229 0 0 0 2
406 660 229 356 0 229 2
457 533 216 0 0 762 2
457 533 216 152 0 4640 2
356 178 533 0 406 0 3
178 533 356 960 0 4640 3
457 165 330 152 0 1156 4
165 457 330 304 0 3833 4
330 457 165 457 114 762 5
330 457 165 960 0 914 5
203 229 381 1112 0 2954 6
381 203 229 1112 0 2725 6
152 114 325 0 584 0 7
325 114 152 152 584 0 7
152 114 325 152 584 152 7
152 114 325 477 0 2096 7
325 114 152 457 0 762 7
114 325 152 960 325 2725 7
114 152 325 477 0 3183 7
152 114 325 477 0 3508 7
152 114 325 0 0 1156 7
325 114 152 635 0 2421 7
114 152 325 477 0 4163 7
325 114 152 457 571 762 7
114 325 152 1112 229 2954 7
114 325 152 1315 0 2954 7
152 114 325 782 0 4163 7
114 152 325 1493 0 5321 7
152 325 114 960 0 2725 7
325 114 152 787 0 2573 7
114 152 325 960 0 4996 7
114 325 152 591 0 4488 7
25 17 8 11 1 26 19 12 10 18 3 7 23 28 27 13 24 31 9 2 34 29 4 5 6 36 15 30 22 33 16 20 21 32 14 35 
5 9 6 3 7 21 13 28 17 18 4 14 19 11 25 1 20 26 34 33 2 16 23 24 22 15 12 27 29 30 31 36 8 10 35 32 
5 10 11 25 30 26 3 15 29 6 21 1 9 32 34 14 12 13 16 33 22 31 28 23 35 4 2 8 24 20 7 36 27 19 18 17 
36
483 229 610 152 0 1486 1sansundertale
229 483 610 477 0 2552 1
483 610 229 0 0 533 1
483 610 229 477 0 927 1
660 406 229 0 0 0 2
406 660 229 356 0 229 2
457 533 216 0 0 762 2
457 533 216 152 0 4792 2
356 178 533 0 406 0 3
178 533 356 960 0 4792 3
457 165 330 152 0 1156 4
165 457 330 304 0 4137 4
330 457 165 457 114 762 5
330 457 165 960 0 914 5
203 229 381 960 0 4137 6
381 203 229 1112 0 2400 6
152 114 325 0 584 0 7
325 114 152 152 584 0 7
152 114 325 152 584 152 7
152 114 325 477 0 3812 7
325 114 152 457 0 762 7
114 325 152 960 0 2096 7
114 152 325 477 0 3162 7
152 114 325 477 0 3487 7
152 114 325 0 0 1156 7
325 114 152 635 0 2248 7
114 152 325 477 0 4467 7
325 114 152 457 571 762 7
114 325 152 896 229 4137 7
114 325 152 1163 0 4137 7
152 114 325 896 554 4137 7
114 152 325 1493 0 5473 7
152 325 114 960 0 2400 7
114 325 152 782 0 2400 7
114 152 325 960 0 5148 7
114 325 152 591 0 4467 7
25 17 8 11 1 26 19 12 10 18 3 7 23 28 27 13 24 34 9 2 31 29 4 5 6 36 15 30 20 33 16 22 21 32 14 35 
5 9 6 3 7 21 13 28 17 18 4 14 19 11 25 1 22 26 34 33 2 16 23 24 20 15 12 27 29 30 31 36 8 10 35 32 
5 10 11 25 30 26 3 15 29 6 21 1 9 32 31 14 12 13 16 33 22 34 28 23 35 4 2 8 24 20 7 36 27 19 18 17 
36
483 229 610 152 0 1473 1sansundertale
229 483 610 477 0 2712 1
483 610 229 0 0 533 1
483 610 229 152 0 4627 1
660 406 229 0 0 0 2
406 660 229 356 0 229 2
457 533 216 0 0 762 2
457 533 216 477 0 927 2
356 178 533 0 406 0 3
178 533 356 960 0 4627 3
457 165 330 152 0 1143 4
165 457 330 304 0 3972 4
330 457 165 457 114 762 5
330 457 165 934 0 914 5
203 229 381 934 0 2789 6
381 203 229 1086 0 2560 6
152 114 325 0 584 0 7
325 114 152 152 584 0 7
152 114 325 152 584 152 7
152 114 325 477 0 2083 7
325 114 152 457 0 762 7
114 325 152 934 325 2560 7
114 152 325 477 0 3322 7
152 114 325 477 0 3647 7
152 114 325 0 0 1143 7
325 114 152 635 0 2408 7
114 152 325 477 0 4302 7
325 114 152 457 571 762 7
114 325 152 896 229 2789 7
114 325 152 1137 0 2789 7
152 114 325 896 554 2789 7
114 152 325 1467 0 5308 7
152 325 114 934 0 2560 7
114 325 152 782 0 2560 7
114 152 325 934 0 4983 7
114 325 152 591 0 4302 7
25 17 4 11 1 26 19 12 10 18 3 7 23 28 27 13 24 34 9 2 31 29 8 5 6 36 15 30 22 33 16 20 21 32 14 35 
5 9 6 3 7 21 13 28 17 18 8 14 19 11 25 1 20 26 34 33 2 16 23 24 22 15 12 27 29 30 31 36 4 10 35 32 
5 10 11 25 30 26 3 15 29 6 21 1 9 32 31 14 12 13 16 33 22 34 28 23 35 4 2 8 24 20 7 36 27 19 18 17 
36
483 229 610 152 325 1486 1sansundertale
229 483 610 477 0 2725 1
483 610 229 0 0 533 1
483 610 229 477 0 927 1
660 406 229 0 0 0 2
406 660 229 356 0 229 2
457 533 216 0 0 762 2
457 533 216 152 0 4640 2
356 178 533 0 406 0 3
178 533 356 960 0 4640 3
457 165 330 152 0 1156 4
165 457 330 304 0 3985 4
330 457 165 457 114 762 5
330 457 165 960 0 914 5
203 229 381 960 0 2802 6
381 203 229 1112 0 2573 6
152 114 325 0 584 0 7
325 114 152 152 584 0 7
152 114 325 152 584 152 7
152 114 325 477 0 2096 7
325 114 152 457 0 762 7
114 325 152 960 325 2573 7
114 325 152 483 0 1486 7
152 114 325 477 0 3660 7
152 114 325 0 0 3335 7
325 114 152 635 0 2421 7
114 152 325 477 0 4315 7
325 114 152 457 571 762 7
114 325 152 896 229 2802 7
114 325 152 1163 0 2802 7
152 114 325 896 554 2802 7
114 152 325 1493 0 5321 7
152 325 114 960 0 2573 7
114 325 152 782 0 2573 7
114 152 325 960 0 4996 7
114 325 152 591 0 4315 7
25 17 8 11 1 26 19 12 10 18 3 7 23 28 27 13 24 34 9 2 31 29 4 5 6 36 15 30 22 33 16 20 21 32 14 35 
5 9 6 3 7 21 13 28 17 18 4 14 19 11 23 1 20 26 34 33 2 16 25 24 22 15 12 27 29 30 31 36 8 10 35 32 
5 10 11 23 30 26 3 15 29 6 21 1 9 32 31 14 12 13 16 33 22 34 28 25 35 4 2 8 24 20 7 36 27 19 18 17 
36
483 229 610 152 0 1486 1sansundertale
229 483 610 477 0 2725 1
483 610 229 0 0 533 1
483 610 229 477 0 927 1
660 406 229 0 0 0 2
406 660 229 356 0 229 2
457 533 216 0 0 762 2
457 533 216 152 0 4640 2
356 178 533 0 406 0 3
178 533 356 960 0 4640 3
457 165 330 152 0 1156 4
165 457 330 304 0 3985 4
330 457 165 457 114 762 5
330 457 165 960 0 914 5
203 381 229 960 0 2573 6
381 203 229 1163 0 2573 6
152 114 325 0 584 0 7
325 114 152 152 584 0 7
152 114 325 152 584 152 7
152 114 325 477 0 2096 7
325 114 152 457 0 762 7
114 325 152 960 381 2573 7
114 152 325 477 0 3335 7
152 114 325 477 0 3660 7
152 114 325 0 0 1156 7
325 114 152 635 0 2421 7
114 152 325 477 0 4315 7
325 114 152 457 571 762 7
114 325 152 896 152 2802 7
114 325 152 1285 0 2802 7
152 114 325 896 477 2802 7
114 152 325 1544 0 5321 7
325 152 114 960 0 2802 7
114 325 152 782 0 2573 7
114 152 325 960 0 4996 7
114 325 152 591 0 4315 7
25 17 8 11 1 26 19 12 10 18 3 7 23 28 27 13 24 34 9 2 31 29 4 5 6 36 33 30 22 15 16 20 21 32 14 35 
5 9 6 3 7 21 13 28 17 18 4 14 19 11 25 1 20 26 34 15 2 16 23 24 22 33 12 27 29 30 31 36 8 10 35 32 
5 10 11 25 30 26 3 33 29 6 21 1 9 32 31 14 12 13 16 15 22 34 28 23 35 4 2 8 24 20 7 36 27 19 18 17 
36
483 229 610 152 0 1486 1sansundertale
229 483 610 477 0 2898 1
483 610 229 0 0 533 1
483 610 229 477 0 927 1
660 406 229 0 0 0 2
406 660 229 356 0 229 2
457 533 216 0 0 762 2
457 533 216 152 0 4813 2
356 178 533 0 406 0 3
178 533 356 749 0 4813 3
457 165 330 152 0 1156 4
165 457 330 304 0 4158 4
330 457 165 457 114 762 5
330 457 165 960 0 914 5
203 229 381 960 0 2975 6
381 203 229 1112 0 2746 6
152 114 325 0 584 0 7
325 114 152 152 584 0 7
152 114 325 152 584 152 7
152 114 325 477 0 2096 7
325 114 152 457 0 762 7
114 325 152 960 325 2746 7
114 152 325 477 0 3508 7
152 114 325 477 0 3833 7
152 114 325 0 0 1156 7
325 114 152 960 0 5169 7
114 152 325 477 0 4488 7
325 114 152 457 571 762 7
114 325 152 896 229 2975 7
114 325 152 1163 0 2975 7
152 114 325 896 554 2975 7
114 152 325 1493 0 5321 7
152 325 114 960 0 2746 7
114 325 152 782 0 2746 7
114 152 325 635 0 2421 7
114 325 152 591 0 4488 7
25 17 8 11 1 35 19 12 10 18 3 7 23 28 27 13 24 34 9 2 31 29 4 5 6 36 15 30 22 33 16 20 21 32 14 26 
5 9 6 3 7 21 13 28 17 18 4 14 19 11 25 1 20 35 34 33 2 16 23 24 22 15 12 27 29 30 31 36 8 10 26 32 
5 10 11 25 30 35 3 15 29 6 21 1 9 32 31 14 12 13 16 33 22 34 28 23 26 4 2 8 24 20 7 36 27 19 18 17 
36
483 229 610 152 0 1486 1sansundertale
229 483 610 477 0 2725 1
483 610 229 0 0 533 1
483 610 229 477 0 927 1
660 406 229 0 0 0 2
406 660 229 356 0 229 2
457 533 216 0 0 762 2
457 533 216 152 0 4467 2
356 178 533 0 406 0 3
178 533 356 960 0 4467 3
457 165 330 152 0 1156 4
165 457 330 304 0 3985 4
330 457 165 457 114 762 5
330 457 165 960 0 914 5
203 229 381 960 0 2802 6
381 203 229 1112 0 2573 6
152 114 325 0 584 0 7
325 114 152 152 584 0 7
152 114 325 152 584 152 7
152 114 325 477 0 2096 7
325 114 152 457 0 762 7
114 325 152 960 325 2573 7
114 152 325 477 0 3335 7
152 114 325 477 0 3660 7
152 114 325 0 0 1156 7
325 114 152 635 0 2421 7
114 152 325 477 0 4823 7
325 114 152 457 571 762 7
114 325 152 896 0 3508 7
114 325 152 1163 0 3508 7
152 114 325 896 229 2802 7
114 152 325 1493 0 3183 7
152 325 114 960 0 2573 7
114 325 152 782 0 2573 7
114 152 325 960 0 4823 7
114 325 152 477 0 4315 7
25 17 8 11 1 26 19 12 10 18 3 7 23 28 27 13 24 34 9 2 31 29 4 5 6 36 15 30 22 33 16 20 21 32 14 35 
5 9 6 3 7 21 13 28 17 18 4 14 19 11 25 1 20 26 34 33 2 16 23 24 22 15 12 32 29 30 31 36 8 10 35 27 
5 10 11 25 30 26 3 15 29 6 21 1 9 32 31 14 12 13 16 33 22 34 28 23 35 4 2 8 24 20 7 36 27 19 18 17 
36
483 229 610 152 0 1486 1sansundertale
229 483 610 477 0 2725 1
483 610 229 0 0 533 1
483 610 229 477 0 927 1
660 406 229 0 0 0 2
406 660 229 356 0 229 2
457 533 216 0 0 762 2
457 533 216 152 0 4792 2
356 178 533 0 406 0 3
178 533 356 960 0 4792 3
457 165 330 152 0 1156 4
165 457 330 304 0 3985 4
330 457 165 457 114 762 5
330 457 165 960 0 914 5
203 229 381 960 0 2802 6
381 203 229 1112 0 2573 6
152 114 325 0 584 0 7
325 114 152 152 584 0 7
152 114 325 152 584 152 7
152 114 325 477 0 2096 7
325 114 152 457 0 762 7
114 325 152 960 325 2573 7
114 152 325 477 0 3335 7
152 114 325 477 0 3660 7
152 114 325 0 0 1156 7
325 114 152 635 0 2421 7
114 152 325 477 0 4315 7
325 114 152 457 571 762 7
114 325 152 896 229 2802 7
114 325 152 1163 0 2802 7
152 114 325 896 0 4315 7
114 152 325 1493 0 5473 7
152 325 114 960 0 2573 7
114 325 152 782 0 2573 7
114 152 325 960 0 5148 7
114 325 152 591 0 4640 7
25 17 8 11 1 26 19 12 10 18 3 7 23 28 27 13 24 34 9 2 31 29 4 5 6 36 15 30 22 33 16 20 21 32 14 35 
5 9 6 3 7 21 13 28 17 18 4 14 19 11 25 1 20 26 34 33 2 16 23 24 22 15 12 27 29 30 31 36 8 10 35 32 
5 10 11 25 30 26 3 15 29 6 21 1 12 32 31 14 9 13 16 33 22 34 28 23 35 4 2 8 24 20 7 36 27 19 18 17 
36
483 229 610 152 0 1612 1sansundertale
229 483 610 477 0 2851 1
483 610 229 0 0 533 1
229 610 483 706 0 3786 1
660 406 229 0 0 0 2
406 660 229 356 0 229 2
457 533 216 0 0 762 2
457 533 216 152 0 4924 2
356 178 533 0 406 0 3
178 533 356 960 0 4924 3
457 165 330 152 0 1282 4
165 457 330 304 0 4269 4
330 457 165 457 114 762 5
330 457 165 787 0 1117 5
381 229 203 787 0 914 6
381 203 229 1048 0 2699 6
152 114 325 0 584 0 7
325 114 152 152 584 0 7
152 114 325 152 584 152 7
152 114 325 477 0 2222 7
325 114 152 457 0 762 7
114 325 152 896 325 2699 7
114 152 325 477 0 3461 7
152 114 325 477 0 3786 7
152 114 325 0 0 1282 7
325 114 152 635 0 2547 7
114 152 325 477 0 4599 7
325 114 152 457 571 762 7
114 325 152 896 0 4269 7
114 325 152 1168 0 2928 7
152 114 325 896 325 4269 7
114 152 325 1429 0 5605 7
152 325 114 896 0 2699 7
114 325 152 782 0 2699 7
114 152 325 935 0 5280 7
114 325 152 591 0 4599 7
25 17 8 11 1 26 19 12 10 18 3 7 23 28 27 13 24 34 9 2 31 29 15 5 6 36 4 30 22 33 16 20 21 32 14 35 
5 9 6 3 7 21 13 28 17 18 15 14 19 11 25 1 20 26 34 33 2 16 23 24 22 4 12 27 29 30 31 36 8 10 35 32 
5 10 11 25 30 26 3 15 29 6 21 1 9 32 31 14 12 13 16 33 22 34 28 23 35 4 2 8 24 20 7 36 27 19 18 17 
36
483 229 610 152 0 1486 1sansundertale
229 483 610 477 0 2725 1
483 610 229 0 0 533 1
483 610 229 477 0 927 1
660 406 229 0 0 0 2
406 660 229 356 0 229 2
457 533 216 0 0 762 2
457 533 216 152 0 4640 2
356 178 533 0 406 0 3
178 533 356 960 0 4640 3
457 165 330 152 0 1156 4
165 457 330 304 0 3985 4
330 457 165 457 114 762 5
330 457 165 960 0 914 5
203 229 381 960 0 2802 6
381 203 229 1112 0 2573 6
152 114 325 0 584 0 7
325 114 152 152 584 0 7
152 114 325 152 584 152 7
152 114 325 477 0 2096 7
325 114 152 457 0 762 7
114 325 152 960 325 2573 7
114 152 325 477 0 3335 7
152 114 325 960 0 4996 7
152 114 325 0 0 1156 7
325 114 152 635 0 2421 7
114 152 325 477 0 4315 7
325 114 152 457 571 762 7
114 325 152 896 229 2802 7
114 325 152 1163 0 2802 7
152 114 325 896 554 2802 7
114 152 325 1493 0 5321 7
152 325 114 960 0 2573 7
114 325 152 782 0 2573 7
114 152 325 477 0 3660 7
114 325 152 591 0 4315 7
25 17 8 11 1 26 19 12 10 18 3 7 23 28 27 13 35 34 9 2 31 29 4 5 6 36 15 30 22 33 16 20 21 32 14 24 
5 9 6 3 7 21 13 28 17 18 4 14 19 11 25 1 20 26 34 33 2 16 23 35 22 15 12 27 29 30 31 36 8 10 24 32 
5 10 11 25 30 26 3 15 29 6 21 1 9 32 31 14 12 13 16 33 22 34 28 23 24 4 2 8 35 20 7 36 27 19 18 17 
36
483 229 610 152 0 1486 1sansundertale
229 483 610 477 0 2877 1
483 610 229 0 0 533 1
483 610 229 477 0 927 1
660 406 229 0 0 0 2
406 660 229 356 0 229 2
457 533 216 0 0 762 2
457 533 216 152 0 4733 2
356 178 533 0 406 0 3
178 533 356 960 0 4733 3
457 165 330 152 0 1156 4
165 457 330 304 0 4078 4
330 457 165 457 114 762 5
330 457 165 960 0 914 5
203 229 381 1107 0 4078 6
381 203 229 1107 0 2573 6
152 114 325 0 584 0 7
325 114 152 152 584 0 7
152 114 325 152 584 152 7
152 114 325 477 0 2096 7
325 114 152 457 0 762 7
114 325 152 960 0 3926 7
114 152 325 477 0 3487 7
325 114 152 782 0 2725 7
152 114 325 0 0 1156 7
325 114 152 635 0 2421 7
114 152 325 477 0 4408 7
325 114 152 457 571 762 7
114 325 152 1107 229 4078 7
114 325 152 1310 0 4078 7
152 114 325 1107 554 4078 7
114 152 325 1488 0 5414 7
152 325 114 477 0 3812 7
114 325 152 782 0 2573 7
114 152 325 960 0 5089 7
114 325 152 591 0 4408 7
25 17 8 11 1 26 19 12 10 18 3 7 23 28 27 13 24 34 9 2 31 29 4 5 6 36 15 30 22 33 16 20 21 32 14 35 
5 9 6 3 7 21 13 28 17 18 4 14 19 11 25 1 20 26 34 24 2 16 23 33 22 15 12 27 29 30 31 36 8 10 35 32 
5 10 11 25 30 26 3 15 29 6 21 1 9 32 31 14 12 13 16 24 22 34 28 23 35 4 2 8 33 20 7 36 27 19 18 17 
36
483 229 610 152 0 1486 1sansundertale
229 483 610 477 0 2552 1
483 610 229 0 0 533 1
483 610 229 477 0 927 1
660 406 229 0 0 0 2
406 660 229 356 0 229 2
457 533 216 0 0 762 2
457 533 216 152 0 4467 2
356 178 533 0 406 0 3
178 533 356 960 0 4467 3
457 165 330 152 0 1156 4
165 457 330 304 0 3812 4
330 457 165 457 114 762 5
330 457 165 960 0 914 5
203 229 381 960 0 2629 6
381 203 229 1112 0 2400 6
152 114 325 0 584 0 7
325 114 152 152 584 0 7
152 114 325 152 584 152 7
152 114 325 1163 0 2629 7
325 114 152 457 0 762 7
114 325 152 960 325 2400 7
114 152 325 477 0 3162 7
152 114 325 477 0 3487 7
152 114 325 0 0 1156 7
325 114 152 635 0 2248 7
114 152 325 477 0 4142 7
325 114 152 457 571 762 7
114 325 152 896 229 2629 7
114 325 152 477 0 2096 7
152 114 325 896 554 2629 7
114 152 325 1493 0 5148 7
152 325 114 960 0 2400 7
114 325 152 782 0 2400 7
114 152 325 960 0 4823 7
114 325 152 591 0 4142 7
25 17 8 11 1 26 19 12 10 18 3 7 23 28 27 13 24 34 9 2 31 29 4 5 6 36 15 20 22 33 16 30 21 32 14 35 
5 9 6 3 7 21 13 28 17 18 4 14 19 11 25 1 30 26 34 33 2 16 23 24 22 15 12 27 29 20 31 36 8 10 35 32 
5 10 11 25 20 26 3 15 29 6 21 1 9 32 31 14 12 13 16 33 22 34 28 23 35 4 2 8 24 30 7 36 27 19 18 17 
36
483 229 610 152 0 1486 1sansundertale
229 483 610 960 0 2573 1
483 610 229 0 0 533 1
483 610 229 477 0 927 1
660 406 229 0 0 0 2
406 660 229 356 0 229 2
457 533 216 0 0 762 2
457 533 216 152 0 4144 2
356 178 533 0 406 0 3
178 533 356 960 0 4144 3
