36
229 483 610 229 0 216 1sansundertale
229 610 483 533 0 0 1
229 610 483 533 0 483 1
483 610 229 439 457 1640 1
229 406 660 0 0 216 2
229 660 406 929 0 1805 2
533 457 216 0 0 0 2
533 216 457 0 483 381 2
178 533 356 0 0 4067 3
178 356 533 922 0 2524 3
330 457 165 533 0 1640 4
165 457 330 764 0 2194 4
457 330 165 0 533 3953 5
165 330 457 764 0 3057 5
229 203 381 229 483 0 6
229 203 381 0 457 0 6
152 325 114 1158 0 1640 7
325 152 114 0 520 838 7
114 152 325 152 0 1869 7
325 114 152 0 406 838 7
152 114 325 325 0 2308 7
152 325 114 325 0 2194 7
152 114 325 533 0 1315 7
114 325 152 929 0 0 7
152 325 114 533 0 3057 7
325 114 152 1158 0 4423 7
152 114 325 152 0 3628 7
152 114 325 1310 0 1640 7
152 114 325 0 0 990 7
152 114 325 325 0 2633 7
152 114 325 0 0 2308 7
152 325 114 266 0 3953 7
325 114 152 439 114 1315 7
152 325 114 477 0 3514 7
114 325 152 325 325 838 7
114 325 152 325 0 838 7
31 27 8 18 20 30 25 35 33 14 16 15 36 23 5 1 4 21 29 13 22 11 10 7 12 19 2 6 17 3 34 28 26 24 32 9 
7 5 2 16 3 1 15 8 20 36 35 18 29 23 11 4 33 19 12 22 21 31 30 24 6 17 10 28 14 25 34 27 32 9 13 26 
24 2 3 14 1 25 23 5 28 7 17 11 10 26 6 27 8 15 4 12 36 33 30 35 21 20 34 31 22 18 32 16 19 29 9 13 
36
229 483 610 229 0 216 1sansundertale
229 610 483 533 0 0 1
229 610 483 533 0 483 1
483 610 229 439 457 1201 1
229 406 660 0 0 216 2
229 660 406 929 0 1366 2
533 457 216 0 0 0 2
533 216 457 0 483 381 2
178 533 356 0 0 3628 3
178 356 533 922 0 2085 3
330 457 165 533 0 1201 4
165 457 330 764 0 1755 4
457 330 165 0 533 3514 5
165 330 457 764 0 2618 5
229 203 381 229 483 0 6
229 203 381 0 457 0 6
152 325 114 1158 0 1201 7
325 152 114 0 520 838 7
114 152 325 114 0 1430 7
325 114 152 0 406 838 7
152 114 325 325 0 1869 7
152 325 114 325 0 1755 7
152 114 325 533 610 876 7
114 325 152 929 0 0 7
152 325 114 533 0 2618 7
325 114 152 1158 0 3984 7
152 114 325 152 0 3189 7
152 114 325 1310 0 1201 7
114 152 325 0 0 990 7
114 325 152 477 0 1869 7
152 114 325 0 0 1869 7
152 325 114 229 0 3514 7
325 114 152 439 724 838 7
152 325 114 477 0 3075 7
114 325 152 325 325 838 7
114 325 152 325 0 838 7
31 27 8 18 20 29 25 35 33 14 16 15 36 23 5 1 4 21 30 13 22 11 10 7 12 19 2 6 17 3 34 28 26 24 32 9 
7 5 2 16 3 1 15 8 20 36 35 18 29 23 11 4 33 19 12 22 21 31 30 24 6 17 10 28 14 25 34 27 32 9 13 26 
24 2 3 14 1 25 23 5 28 7 17 11 10 26 6 27 8 15 4 12 36 33 30 35 21 20 34 31 22 18 32 16 19 29 9 13 
36
229 483 610 229 0 216 1sansundertale
229 610 483 533 0 0 1
229 610 483 533 0 483 1
483 610 229 439 724 876 1
229 406 660 0 0 216 2
229 660 406 929 0 1143 2
533 457 216 0 0 0 2
533 216 457 0 483 381 2
178 533 356 0 0 3665 3
178 356 533 922 0 2122 3
330 457 165 533 0 978 4
165 457 330 764 0 1792 4
457 330 165 0 533 3551 5
165 330 457 764 0 2655 5
229 203 381 229 483 0 6
229 203 381 0 457 0 6
152 325 114 1158 0 978 7
325 152 114 0 520 838 7
114 152 325 114 0 1467 7
325 114 152 0 406 838 7
152 114 325 325 0 1906 7
152 325 114 325 0 1792 7
114 152 325 0 0 990 7
114 325 152 929 0 0 7
152 325 114 533 0 2655 7
325 114 152 1158 0 4021 7
152 114 325 152 0 3226 7
152 114 325 1310 0 978 7
325 114 152 533 610 826 7
152 114 325 325 0 2231 7
152 114 325 0 0 1906 7
152 325 114 229 0 3551 7
325 114 152 439 0 1315 7
152 325 114 477 0 3112 7
114 325 152 325 325 838 7
114 325 152 325 0 838 7
31 27 8 18 20 30 25 35 33 14 16 15 36 23 5 1 4 21 29 13 22 11 10 7 12 19 2 6 17 3 34 28 26 24 32 9 
7 5 2 16 3 1 15 8 20 36 35 18 29 23 11 4 33 19 12 22 21 31 30 24 6 17 10 28 14 25 34 27 32 9 13 26 
24 2 3 14 1 25 29 5 28 7 17 11 10 26 6 27 8 15 4 12 36 33 30 35 21 20 34 31 22 18 32 16 19 23 9 13 
36
229 483 610 229 0 216 1sansundertale
229 610 483 533 0 0 1
229 610 483 533 0 483 1
483 610 229 439 457 1640 1
229 406 660 0 0 216 2
229 660 406 929 0 1805 2
533 457 216 0 0 0 2
533 216 457 0 483 381 2
178 533 356 0 0 4067 3
178 356 533 922 0 2524 3
330 457 165 533 0 1640 4
165 457 330 764 0 2194 4
457 330 165 0 533 3953 5
165 330 457 764 0 3057 5
229 203 381 229 483 0 6
229 203 381 0 457 0 6
152 325 114 1158 0 1640 7
325 152 114 0 406 838 7
114 152 325 152 0 1869 7
325 114 152 0 558 838 7
152 114 325 325 0 2308 7
152 325 114 325 0 2194 7
152 114 325 533 0 1315 7
114 325 152 929 0 0 7
152 325 114 533 0 3057 7
325 114 152 1158 0 4423 7
152 114 325 152 0 3628 7
152 114 325 1310 0 1640 7
152 114 325 0 0 990 7
152 114 325 325 0 2633 7
152 114 325 0 0 2308 7
152 325 114 266 0 3953 7
325 114 152 439 114 1315 7
152 325 114 477 0 3514 7
114 325 152 325 325 838 7
114 325 152 325 0 838 7
31 27 8 20 18 30 25 35 33 14 16 15 36 23 5 1 4 21 29 13 22 11 10 7 12 19 2 6 17 3 34 28 26 24 32 9 
7 5 2 16 3 1 15 8 18 36 35 20 29 23 11 4 33 19 12 22 21 31 30 24 6 17 10 28 14 25 34 27 32 9 13 26 
24 2 3 14 1 25 23 5 28 7 17 11 10 26 6 27 8 15 4 12 36 33 30 35 21 18 34 31 22 20 32 16 19 29 9 13 
36
229 483 610 229 0 216 1sansundertale
229 610 483 533 0 0 1
229 610 483 533 0 483 1
483 610 229 439 457 1429 1
229 406 660 0 0 216 2
229 660 406 929 0 1594 2
533 457 216 0 0 0 2
533 216 457 0 483 381 2
178 533 356 0 0 3856 3
178 356 533 922 0 2313 3
330 457 165 533 0 1429 4
165 457 330 764 0 1983 4
457 330 165 0 533 3742 5
165 330 457 764 0 2846 5
229 203 381 229 483 0 6
229 203 381 0 457 0 6
152 325 114 1158 0 1429 7
325 152 114 0 520 838 7
114 152 325 0 0 1658 7
325 114 152 0 406 838 7
152 325 114 325 0 990 7
152 325 114 325 0 1983 7
152 114 325 533 0 1104 7
114 325 152 929 0 0 7
152 325 114 533 0 2846 7
325 114 152 1158 0 4212 7
152 114 325 152 0 3417 7
152 114 325 1310 0 1429 7
152 325 114 0 152 1658 7
152 114 325 325 0 2097 7
152 114 325 0 0 2097 7
152 325 114 229 0 3742 7
325 114 152 439 114 1104 7
152 325 114 477 0 3303 7
114 325 152 325 325 838 7
114 325 152 325 0 838 7
31 27 8 18 20 30 25 35 33 14 16 15 36 23 5 1 4 29 21 13 22 11 10 7 12 19 2 6 17 3 34 28 26 24 32 9 
7 5 2 16 3 1 15 8 20 36 35 18 21 23 11 4 33 19 12 22 29 31 30 24 6 17 10 28 14 25 34 27 32 9 13 26 
24 2 3 14 1 25 23 5 28 7 17 11 10 26 6 27 8 15 4 12 36 33 30 35 21 20 34 31 22 18 32 16 19 29 9 13 
36
229 483 610 229 0 216 1sansundertale
229 610 483 533 0 0 1
229 610 483 533 0 483 1
483 610 229 439 457 1640 1
229 406 660 0 0 216 2
229 660 406 929 0 1805 2
533 457 216 0 0 0 2
533 216 457 0 483 381 2
178 533 356 0 0 4067 3
178 356 533 922 0 2524 3
330 457 165 533 0 1640 4
165 457 330 764 0 2194 4
457 330 165 0 533 3953 5
165 330 457 764 0 3057 5
229 203 381 229 483 0 6
229 203 381 0 457 0 6
152 325 114 1158 0 1640 7
325 152 114 0 520 838 7
114 152 325 152 0 1869 7
325 114 152 0 406 838 7
152 114 325 439 0 2308 7
152 325 114 325 0 2194 7
152 114 325 533 0 1315 7
114 325 152 929 0 0 7
152 325 114 533 0 3057 7
325 114 152 1158 0 4423 7
152 114 325 152 0 3628 7
152 114 325 1310 0 1640 7
152 114 325 0 0 990 7
152 114 325 325 0 2633 7
152 114 325 0 0 2308 7
152 325 114 266 0 3953 7
325 114 152 439 114 1315 7
152 325 114 477 0 3514 7
114 325 152 325 325 838 7
114 325 152 325 0 838 7
31 27 8 18 20 30 25 35 33 14 16 15 36 23 5 1 4 21 29 13 22 11 10 7 12 19 2 6 17 3 34 28 26 24 32 9 
7 5 2 16 3 1 15 8 20 36 35 18 29 23 11 4 33 19 12 22 21 31 30 24 6 17 10 28 14 25 34 27 32 9 13 26 
24 2 3 14 1 25 23 5 28 7 17 11 10 26 6 27 8 15 4 12 36 33 30 21 35 20 34 31 22 18 32 16 19 29 9 13 
36
229 483 610 229 0 216 1sansundertale
229 610 483 533 0 0 1
229 610 483 533 0 483 1
483 610 229 439 457 1640 1
229 406 660 0 0 216 2
229 660 406 929 0 1805 2
533 457 216 0 0 0 2
533 216 457 0 483 381 2
178 533 356 0 0 4067 3
178 356 533 922 0 2524 3
330 457 165 533 0 1640 4
165 457 330 764 0 2194 4
457 330 165 0 533 3953 5
165 330 457 764 0 3057 5
229 203 381 229 483 0 6
229 203 381 0 457 0 6
152 325 114 1158 0 1640 7
325 152 114 0 520 838 7
114 152 325 0 0 1869 7
325 114 152 0 406 838 7
114 152 325 0 152 1869 7
152 325 114 325 0 2194 7
152 114 325 533 0 1315 7
114 325 152 929 0 0 7
152 325 114 533 0 3057 7
325 114 152 1158 0 4423 7
152 114 325 152 0 3628 7
152 114 325 1310 0 1640 7
152 114 325 325 0 990 7
152 114 325 325 0 2308 7
152 114 325 0 0 2308 7
152 325 114 229 0 3953 7
325 114 152 439 114 1315 7
152 325 114 477 0 3514 7
114 325 152 325 325 838 7
114 325 152 325 0 838 7
31 27 8 18 20 30 25 35 33 14 16 15 36 23 5 1 4 21 29 13 22 11 10 7 12 19 2 6 17 3 34 28 26 24 32 9 
7 5 2 16 3 1 15 8 20 36 35 18 29 23 11 4 33 19 12 22 21 31 30 24 6 17 10 28 14 25 34 27 32 9 13 26 
24 2 3 14 1 25 23 5 28 7 17 11 10 26 6 27 8 15 4 12 36 33 30 35 29 20 34 31 22 18 32 16 19 21 9 13 
36
229 483 610 229 0 216 1sansundertale
229 610 483 533 0 0 1
229 610 483 533 0 483 1
483 610 229 439 457 1640 1
229 406 660 0 0 216 2
229 660 406 929 0 1805 2
533 457 216 0 0 0 2
533 216 457 0 483 381 2
178 533 356 0 0 4067 3
178 356 533 922 0 2524 3
330 457 165 533 0 1640 4
165 457 330 764 0 2194 4
457 330 165 0 533 3953 5
165 330 457 764 0 3057 5
229 203 381 229 483 0 6
229 203 381 0 457 0 6
152 325 114 1158 0 1640 7
325 152 114 0 520 838 7
114 152 325 152 0 1869 7
325 114 152 0 406 838 7
152 114 325 325 0 2308 7
152 325 114 325 0 2194 7
152 114 325 533 0 1315 7
114 325 152 929 0 0 7
152 325 114 533 0 3057 7
325 114 152 1158 0 4423 7
152 114 325 152 0 3628 7
152 114 325 1310 0 1640 7
152 114 325 0 0 990 7
152 114 325 325 0 2633 7
152 114 325 0 0 2308 7
152 325 114 266 0 3953 7
325 114 152 439 114 1315 7
152 325 114 477 0 3514 7
114 325 152 325 325 838 7
114 325 152 325 0 838 7
31 27 8 18 20 30 25 35 33 14 16 15 36 23 5 1 4 21 29 13 22 11 10 7 12 19 2 6 17 3 34 28 26 24 32 9 
7 5 2 16 3 1 15 8 20 36 35 18 29 23 11 4 33 19 12 22 21 31 30 24 6 17 10 28 14 25 34 27 32 9 13 26 
24 2 3 14 1 25 23 5 28 7 17 11 10 26 6 27 15 8 4 12 36 33 30 35 21 20 34 31 22 18 32 16 19 29 9 13 
36
229 483 610 229 0 216 1sansundertale
229 610 483 533 0 0 1
229 610 483 533 0 483 1
483 610 229 439 0 1645 1
229 406 660 0 0 216 2
229 660 406 929 0 1531 2
533 457 216 0 0 0 2
533 216 457 0 483 381 2
178 533 356 0 0 4072 3
178 356 533 922 0 2529 3
457 165 330 533 610 876 4
165 457 330 764 0 2199 4
457 330 165 0 533 3958 5
165 330 457 764 0 3062 5
229 203 381 229 483 0 6
229 203 381 0 457 0 6
152 325 114 1158 0 1531 7
325 152 114 0 520 838 7
114 152 325 152 0 1874 7
325 114 152 0 406 838 7
152 114 325 325 0 2313 7
152 325 114 325 0 2199 7
152 114 325 533 0 1206 7
114 325 152 990 0 0 7
152 325 114 533 0 3062 7
325 114 152 1158 0 4428 7
152 114 325 152 0 3633 7
152 114 325 1310 0 1531 7
152 325 114 0 0 1531 7
152 114 325 325 0 2638 7
152 114 325 0 0 2313 7
152 325 114 266 0 3958 7
325 114 152 439 610 1645 7
152 325 114 477 0 3519 7
114 325 152 325 325 838 7
114 325 152 325 0 838 7
31 27 8 18 20 30 25 35 33 14 16 15 36 23 5 1 4 21 11 13 22 29 10 7 12 19 2 6 17 3 34 28 26 24 32 9 
7 5 2 16 3 1 15 8 20 36 35 18 11 23 29 4 33 19 12 22 21 31 30 24 6 17 10 28 14 25 34 27 32 9 13 26 
24 2 3 14 1 25 23 5 28 7 17 11 10 26 6 27 8 15 4 12 36 33 30 35 21 20 34 31 22 18 32 16 19 29 9 13 
36
229 483 610 229 0 216 1sansundertale
229 610 483 533 0 0 1
229 610 483 533 0 483 1
483 610 229 439 457 1467 1
229 406 660 0 0 216 2
229 660 406 929 0 1632 2
533 457 216 0 0 0 2
533 216 457 0 483 381 2
178 533 356 0 0 4219 3
178 356 533 922 0 2676 3
330 457 165 533 0 1467 4
165 457 330 764 0 2021 4
457 330 165 0 533 4105 5
165 330 457 764 0 3209 5
229 203 381 229 483 0 6
229 203 381 0 457 0 6
114 325 152 0 0 990 7
325 152 114 0 520 838 7
114 152 325 0 0 1696 7
325 114 152 0 406 838 7
152 114 325 325 0 2135 7
152 325 114 325 0 2021 7
152 114 325 533 0 1142 7
114 325 152 929 0 0 7
152 325 114 533 0 3209 7
325 114 152 1158 0 4575 7
152 114 325 152 0 3780 7
152 114 325 1158 0 1467 7
152 114 325 922 0 2351 7
152 114 325 325 0 2460 7
152 114 325 0 0 2135 7
152 325 114 229 0 4105 7
325 114 152 439 114 1142 7
152 325 114 477 0 3666 7
114 325 152 325 325 838 7
114 325 152 325 0 838 7
31 27 8 18 20 30 25 35 33 14 16 15 36 23 5 1 4 21 29 13 22 11 10 7 12 19 2 6 17 3 34 28 26 24 32 9 
7 5 2 16 3 1 15 8 20 36 35 18 17 23 11 4 33 19 12 22 21 31 30 24 6 29 10 28 14 25 34 27 32 9 13 26 
24 2 3 14 1 25 23 5 28 7 29 11 10 26 6 27 8 15 4 12 36 33 30 35 21 20 34 31 22 18 32 16 19 17 9 13 
36
229 483 610 229 0 216 1sansundertale
229 610 483 533 0 0 1
229 610 483 533 0 483 1
483 610 229 439 457 1201 1
229 406 660 0 0 216 2
229 660 406 929 0 1366 2
533 457 216 0 0 0 2
533 216 457 0 483 381 2
178 533 356 0 0 3628 3
178 356 533 922 0 2085 3
330 457 165 533 0 1201 4
165 457 330 764 0 1755 4
457 330 165 0 533 3514 5
165 330 457 764 0 2618 5
229 203 381 229 483 0 6
229 203 381 0 457 0 6
152 325 114 1158 0 1201 7
325 152 114 0 520 838 7
114 152 325 152 0 1430 7
325 114 152 0 406 838 7
152 114 325 325 0 1869 7
152 325 114 325 0 1755 7
152 114 325 533 610 876 7
114 325 152 929 0 0 7
152 325 114 533 0 2618 7
325 114 152 1158 0 3984 7
152 325 114 0 660 0 7
152 114 325 1310 0 1201 7
152 114 325 922 0 3189 7
152 114 325 325 0 2194 7
152 114 325 0 0 1869 7
152 325 114 266 0 3514 7
325 114 152 439 724 838 7
152 325 114 477 0 3075 7
114 325 152 325 325 838 7
114 325 152 325 0 838 7
31 27 8 18 20 30 25 35 33 14 16 15 36 23 5 1 4 21 29 13 22 11 10 7 12 19 2 6 17 3 34 28 26 24 32 9 
7 5 2 16 3 1 15 8 20 36 35 18 27 23 11 4 33 19 12 22 21 31 30 24 6 17 10 28 14 25 34 29 32 9 13 26 
24 2 3 14 1 25 23 5 28 7 17 11 10 26 6 29 8 15 4 12 36 33 30 35 21 20 34 31 22 18 32 16 19 27 9 13 
36
229 483 610 229 0 216 1sansundertale
229 610 483 533 0 0 1
229 610 483 533 0 483 1
483 610 229 439 457 1353 1
229 406 660 0 0 216 2
229 660 406 922 0 1518 2
533 457 216 0 0 0 2
533 216 457 0 483 381 2
178 533 356 0 0 3467 3
178 356 533 922 0 1924 3
330 457 165 533 0 1353 4
165 457 330 0 152 1582 4
457 330 165 0 533 3353 5
165 330 457 764 0 2457 5
229 203 381 229 483 0 6
229 203 381 0 457 0 6
152 325 114 1151 0 1353 7
325 152 114 0 520 838 7
114 152 325 0 0 1582 7
325 114 152 0 406 838 7
152 114 325 325 0 2021 7
152 325 114 325 0 1907 7
152 114 325 533 0 1028 7
114 325 152 922 0 0 7
152 325 114 533 0 2457 7
325 114 152 1151 0 3823 7
152 114 325 152 0 3028 7
152 114 325 1303 0 1353 7
114 325 152 439 610 876 7
152 114 325 325 0 2346 7
152 114 325 0 0 2021 7
152 325 114 229 0 3353 7
325 114 152 439 935 838 7
152 325 114 477 0 2914 7
114 325 152 325 325 838 7
114 325 152 325 0 838 7
31 27 8 18 20 30 25 35 33 14 16 15 36 23 5 1 4 21 12 13 22 11 10 7 29 19 2 6 17 3 34 28 26 24 32 9 
7 5 2 16 3 1 15 8 20 36 35 18 29 23 11 4 33 19 12 22 21 31 30 24 6 17 10 28 14 25 34 27 32 9 13 26 
24 2 3 14 1 25 23 5 28 7 17 11 10 26 6 27 8 15 4 29 36 33 30 35 21 20 34 31 22 18 32 16 19 12 9 13 
36
229 483 610 229 0 216 1sansundertale
229 610 483 533 0 0 1
229 610 483 533 0 483 1
483 610 229 439 457 1526 1
229 406 660 0 0 216 2
660 406 229 0 0 2844 2
533 457 216 0 0 0 2
533 216 457 0 483 381 2
178 533 356 0 0 4083 3
178 356 533 922 0 2410 3
330 457 165 533 0 1526 4
165 457 330 764 0 2080 4
457 330 165 0 533 3969 5
165 330 457 764 0 3073 5
229 203 381 229 483 0 6
229 203 381 0 457 0 6
152 325 114 929 0 1526 7
325 152 114 0 520 838 7
114 152 325 0 0 1755 7
325 114 152 0 406 838 7
152 114 325 325 0 2194 7
152 325 114 325 0 2080 7
152 114 325 533 0 1201 7
114 325 152 929 0 0 7
152 325 114 533 0 3073 7
325 114 152 929 0 4439 7
152 114 325 152 0 3644 7
152 114 325 1100 0 1526 7
152 114 325 533 610 876 7
152 114 325 325 0 2519 7
152 114 325 0 0 2194 7
152 325 114 660 0 3969 7
325 114 152 439 724 838 7
152 325 114 660 0 3530 7
114 325 152 325 325 838 7
114 325 152 325 0 838 7
31 27 8 18 20 30 25 35 33 14 16 15 36 23 5 1 4 21 6 13 22 11 10 7 12 19 2 29 17 3 34 28 26 24 32 9 
7 5 2 16 3 1 15 8 20 36 35 18 29 23 11 4 33 19 12 22 21 31 30 24 6 17 10 28 14 25 34 27 32 9 13 26 
24 2 3 14 1 25 23 5 28 7 17 11 10 26 29 27 8 15 4 12 36 33 30 35 21 20 34 31 22 18 32 16 19 6 9 13 
36
229 483 610 229 0 216 1sansundertale
229 610 483 533 0 0 1
229 610 483 533 0 483 1
483 610 229 439 457 1201 1
229 406 660 0 0 216 2
229 660 406 929 0 1366 2
533 457 216 0 0 0 2
533 216 457 0 483 381 2
178 533 356 0 0 3681 3
178 356 533 922 0 2085 3
330 457 165 533 0 1201 4
165 457 330 764 0 1755 4
457 330 165 0 533 3567 5
165 330 457 764 0 2671 5
229 203 381 229 483 0 6
229 203 381 0 457 0 6
152 325 114 1158 0 1201 7
325 152 114 0 520 838 7
114 152 325 0 0 1430 7
325 114 152 0 406 838 7
152 114 325 325 0 1869 7
152 325 114 325 0 1755 7
152 114 325 533 610 876 7
114 325 152 0 0 2519 7
152 325 114 533 0 2671 7
325 114 152 1158 0 4037 7
152 114 325 152 0 3242 7
152 114 325 1310 0 1201 7
152 114 325 762 0 0 7
152 114 325 325 0 2194 7
152 114 325 0 0 1869 7
152 325 114 229 0 3567 7
325 114 152 439 724 838 7
152 325 114 477 0 3128 7
114 325 152 325 325 838 7
114 325 152 325 0 838 7
31 27 8 18 20 30 25 35 33 14 16 15 36 23 5 1 4 21 24 13 22 11 10 7 12 19 2 6 17 3 34 28 26 29 32 9 
7 5 2 16 3 1 15 8 20 36 35 18 29 23 11 4 33 19 12 22 21 31 30 24 6 17 10 28 14 25 34 27 32 9 13 26 
29 2 3 14 1 25 23 5 28 7 17 11 10 26 6 27 8 15 4 12 36 33 30 35 21 20 34 31 22 18 32 16 19 24 9 13 
36
229 483 610 229 0 216 1sansundertale
229 610 483 533 0 0 1
229 610 483 533 0 483 1
483 610 229 439 457 1201 1
229 406 660 0 0 216 2
229 660 406 929 0 1366 2
533 457 216 0 0 0 2
533 216 457 0 483 381 2
178 533 356 0 0 3643 3
178 356 533 922 0 2085 3
330 457 165 533 0 1201 4
165 457 330 764 0 1755 4
457 330 165 0 533 3529 5
165 330 457 764 0 2633 5
229 203 381 229 483 0 6
229 203 381 0 457 0 6
152 325 114 1158 0 1201 7
325 152 114 0 520 838 7
114 152 325 0 0 1430 7
325 114 152 0 406 838 7
152 114 325 325 0 1869 7
152 325 114 325 0 1755 7
152 114 325 533 610 876 7
325 152 114 0 0 2519 7
152 325 114 533 0 2633 7
325 114 152 1158 0 3999 7
152 114 325 152 0 3204 7
152 114 325 1310 0 1201 7
152 114 325 762 0 0 7
152 114 325 325 0 2194 7
152 114 325 0 0 1869 7
152 325 114 325 0 3529 7
325 114 152 439 724 838 7
152 325 114 477 0 3090 7
114 325 152 325 325 838 7
114 325 152 325 0 838 7
31 27 8 18 20 30 25 35 33 14 16 15 36 23 5 1 4 21 24 13 22 11 10 7 12 19 2 6 17 3 34 28 26 29 32 9 
7 5 2 16 3 1 15 8 20 36 35 18 29 23 11 4 33 19 12 22 21 31 30 24 6 17 10 28 14 25 34 27 32 9 13 26 
29 2 3 14 1 25 23 5 28 7 17 11 10 26 6 27 8 15 4 12 36 33 30 35 21 20 34 31 22 18 32 16 19 24 9 13 
36
229 483 610 229 0 216 1sansundertale
229 610 483 533 0 0 1
229 610 483 533 0 483 1
483 610 229 439 457 1201 1
229 406 660 0 0 216 2
229 660 406 929 0 1366 2
533 457 216 0 0 0 2
533 216 457 0 483 381 2
178 533 356 0 0 3417 3
178 356 533 922 0 2085 3
330 457 165 533 0 1201 4
165 457 330 764 0 1755 4
457 330 165 0 533 3303 5
165 330 457 764 0 2618 5
229 203 381 229 483 0 6
229 203 381 0 457 0 6
152 325 114 1158 0 1201 7
325 152 114 0 520 838 7
114 152 325 152 0 1430 7
325 114 152 0 406 838 7
152 114 325 325 0 1869 7
152 325 114 325 0 1755 7
152 114 325 533 610 876 7
114 325 152 929 0 0 7
152 325 114 533 0 2618 7
325 114 152 1158 0 3773 7
152 114 325 0 660 0 7
152 114 325 1310 0 1201 7
152 325 114 922 0 3189 7
152 114 325 325 0 2194 7
152 114 325 0 0 1869 7
152 325 114 266 0 3303 7
325 114 152 439 724 838 7
152 325 114 477 0 3075 7
114 325 152 325 325 838 7
114 325 152 325 0 838 7
31 27 8 18 20 30 25 35 33 14 16 15 36 23 5 1 4 21 29 13 22 11 10 7 12 19 2 6 17 3 34 28 26 24 32 9 
7 5 2 16 3 1 15 8 20 36 35 18 27 23 11 4 33 19 12 22 21 31 30 24 6 17 10 28 14 25 34 29 32 9 13 26 
24 2 3 14 1 25 23 5 28 7 17 11 10 26 6 29 8 15 4 12 36 33 30 35 21 20 34 31 22 18 32 16 19 27 9 13 
36
229 483 610 229 0 216 1sansundertale
229 610 483 533 0 0 1
229 610 483 533 0 483 1
483 610 229 439 457 1480 1
229 406 660 0 0 216 2
229 660 406 929 0 1645 2
533 457 216 0 0 0 2
533 216 457 0 483 381 2
178 533 356 457 0 3907 3
178 356 533 922 0 2364 3
330 457 165 533 0 1480 4
165 457 330 764 0 2034 4
457 330 165 0 0 990 5
165 330 457 764 0 2897 5
229 203 381 229 483 0 6
229 203 381 0 457 0 6
152 325 114 1158 0 1480 7
325 152 114 0 520 838 7
114 152 325 457 0 1709 7
325 114 152 0 406 838 7
152 114 325 325 0 2148 7
152 325 114 457 0 2034 7
152 114 325 533 0 1155 7
114 325 152 929 0 0 7
152 325 114 533 0 2897 7
325 114 152 1158 0 4263 7
152 114 325 152 0 3468 7
152 114 325 1310 0 1480 7
114 325 152 0 0 4263 7
152 114 325 325 0 2473 7
152 114 325 0 0 2148 7
152 325 114 571 0 3793 7
325 114 152 439 114 1155 7
152 325 114 609 0 3354 7
114 325 152 325 325 838 7
114 325 152 325 0 838 7
31 27 8 18 20 30 25 35 33 14 16 15 36 23 5 1 4 21 29 13 22 11 10 7 12 19 2 6 17 3 34 28 26 24 32 9 
7 5 2 16 3 1 15 8 20 36 35 18 13 23 11 4 33 19 12 22 21 31 30 24 6 17 10 28 14 25 34 27 32 9 29 26 
24 2 3 14 1 25 23 5 28 7 17 11 10 26 6 27 8 15 4 12 36 33 30 35 21 20 34 31 22 18 32 16 19 29 9 13 
36
229 483 610 229 0 216 1sansundertale
229 610 483 533 0 0 1
229 610 483 533 0 483 1
483 610 229 0 0 1526 1
229 406 660 0 0 216 2
229 660 406 929 0 1691 2
533 457 216 0 0 0 2
533 216 457 0 483 381 2
178 533 356 0 0 4105 3
178 356 533 764 0 2562 3
330 457 165 591 0 1526 4
165 457 330 764 0 2232 4
457 330 165 0 533 3991 5
165 330 457 764 0 3095 5
229 203 381 229 483 0 6
229 203 381 0 457 0 6
152 325 114 1158 0 1526 7
325 152 114 0 520 838 7
114 152 325 483 0 1907 7
325 114 152 0 406 838 7
152 114 325 325 0 2346 7
152 325 114 483 0 2232 7
152 114 325 533 0 1201 7
114 325 152 929 0 0 7
152 325 114 533 0 3095 7
325 114 152 1158 0 4461 7
152 114 325 152 0 3666 7
152 114 325 1310 0 1526 7
152 114 325 439 610 876 7
152 114 325 325 0 2671 7
152 114 325 0 0 2346 7
152 325 114 597 0 3991 7
325 114 152 439 0 1755 7
152 325 114 635 0 3552 7
114 325 152 325 325 838 7
114 325 152 325 0 838 7
31 27 8 18 20 30 25 35 33 14 16 15 36 23 5 1 29 21 4 13 22 11 10 7 12 19 2 6 17 3 34 28 26 24 32 9 
7 5 2 16 3 1 15 8 20 36 35 18 29 23 11 4 33 19 12 22 21 31 30 24 6 17 10 28 14 25 34 27 32 9 13 26 
24 2 3 14 1 25 23 5 28 7 17 11 10 26 6 27 8 15 29 12 36 33 30 35 21 20 34 31 22 18 32 16 19 4 9 13 
36
229 483 610 229 0 216 1sansundertale
229 610 483 533 0 0 1
229 610 483 533 0 483 1
483 610 229 477 457 1640 1
229 406 660 0 0 216 2
229 660 406 960 0 1805 2
533 457 216 0 0 0 2
533 216 457 0 483 381 2
178 533 356 0 0 3894 3
178 356 533 960 0 2524 3
330 457 165 533 0 1640 4
165 457 330 764 0 2194 4
457 330 165 0 533 3780 5
165 330 457 764 0 3057 5
229 203 381 229 483 0 6
229 203 381 0 457 0 6
152 325 114 1189 0 1640 7
325 152 114 0 520 838 7
114 152 325 152 0 1869 7
325 114 152 0 406 838 7
152 114 325 325 0 2308 7
152 325 114 325 0 2194 7
152 114 325 533 0 1315 7
114 325 152 960 0 0 7
152 325 114 533 0 3057 7
325 114 152 1189 0 4250 7
152 325 114 325 0 838 7
152 114 325 1341 0 1640 7
152 114 325 0 0 990 7
152 114 325 325 0 2633 7
152 114 325 0 0 2308 7
152 325 114 266 0 3780 7
325 114 152 439 114 1315 7
152 325 114 477 0 3514 7
114 325 152 325 325 838 7
114 325 152 152 0 3628 7
31 36 8 18 20 30 25 35 33 14 16 15 27 23 5 1 4 21 29 13 22 11 10 7 12 19 2 6 17 3 34 28 26 24 32 9 
7 5 2 16 3 1 15 8 20 27 35 18 29 23 11 4 33 19 12 22 21 31 30 24 6 17 10 28 14 25 34 36 32 9 13 26 
24 2 3 14 1 25 23 5 28 7 17 11 10 26 6 36 8 15 4 12 27 33 30 35 21 20 34 31 22 18 32 16 19 29 9 13 
36
229 483 610 229 0 216 1sansundertale
229 610 483 533 0 0 1
229 610 483 533 0 483 1
483 610 229 439 457 1526 1
229 406 660 0 0 216 2
229 660 406 929 0 1691 2
533 457 216 0 0 0 2
533 216 457 0 483 381 2
178 533 356 0 0 3953 3
178 356 533 922 0 2410 3
330 457 165 647 0 1526 4
165 457 330 764 0 2080 4
457 330 165 0 533 3839 5
165 330 457 764 0 2943 5
229 203 381 229 483 0 6
229 203 381 0 457 0 6
152 325 114 1158 0 1526 7
325 152 114 0 520 838 7
114 152 325 0 0 1755 7
325 114 152 0 406 838 7
152 114 325 325 0 2194 7
152 325 114 325 0 2080 7
152 114 325 533 0 1201 7
114 325 152 977 0 0 7
152 325 114 533 0 2943 7
114 152 325 533 610 876 7
152 114 325 152 0 3514 7
152 114 325 1310 0 1526 7
152 114 325 457 0 4309 7
152 114 325 325 0 2519 7
152 114 325 0 0 2194 7
152 325 114 229 0 3839 7
325 114 152 439 762 838 7
152 325 114 477 0 3400 7
114 325 152 325 325 838 7
114 325 152 325 0 838 7
31 27 8 18 20 30 25 35 33 14 16 15 36 23 5 1 4 21 26 13 22 11 10 7 12 19 2 6 17 3 34 28 29 24 32 9 
7 5 2 16 3 1 15 8 20 36 35 18 26 23 11 4 33 19 12 22 21 31 30 24 6 17 10 28 14 25 34 27 32 9 13 29 
24 2 3 14 1 25 23 5 28 7 17 11 10 26 6 27 8 15 4 12 36 33 30 35 21 20 34 31 22 18 32 16 19 29 9 13 
36
229 483 610 229 0 216 1sansundertale
229 610 483 533 0 0 1
229 610 483 533 0 483 1
483 610 229 439 457 1772 1
229 406 660 0 0 216 2
229 660 406 929 0 1937 2
533 457 216 0 0 0 2
533 216 457 0 483 381 2
178 533 356 0 0 3909 3
178 356 533 922 0 2656 3
330 457 165 533 0 1772 4
165 457 330 764 0 2326 4
457 330 165 0 533 3795 5
165 330 457 533 0 990 5
229 203 381 229 483 0 6
229 203 381 0 457 0 6
152 325 114 1158 0 1772 7
325 152 114 0 520 838 7
114 152 325 0 0 2001 7
325 114 152 0 406 838 7
152 114 325 325 0 2440 7
152 325 114 325 0 2326 7
152 114 325 533 0 1447 7
114 325 152 929 0 0 7
152 325 114 533 0 3242 7
325 114 152 1158 0 4265 7
152 114 325 152 0 3470 7
152 114 325 1310 0 1772 7
325 114 152 0 0 3090 7
152 114 325 325 0 2765 7
152 114 325 0 0 2440 7
152 325 114 325 0 3795 7
325 114 152 439 610 838 7
152 325 114 477 0 3356 7
114 325 152 325 325 838 7
114 325 152 325 0 838 7
31 27 8 18 20 30 25 35 33 14 16 15 36 23 5 1 4 21 29 13 22 11 10 7 12 19 2 6 17 3 34 28 26 24 32 9 
7 5 2 16 3 1 15 8 20 36 35 18 14 23 11 4 33 19 12 22 21 31 30 24 6 17 10 28 29 25 34 27 32 9 13 26 
24 2 3 14 1 25 23 5 28 7 17 11 10 26 6 27 8 15 4 12 36 33 30 35 21 20 34 31 22 18 32 16 19 29 9 13 
36
229 483 610 229 0 216 1sansundertale
229 610 483 533 0 0 1
229 610 483 533 0 483 1
483 610 229 439 457 1429 1
229 406 660 0 0 216 2
229 660 406 929 0 1594 2
533 457 216 0 0 0 2
533 216 457 0 483 381 2
178 533 356 0 0 4067 3
178 356 533 922 0 2313 3
330 457 165 533 0 1429 4
165 457 330 764 0 1983 4
457 330 165 0 533 3953 5
165 330 457 764 0 2846 5
229 203 381 229 483 0 6
229 203 381 0 457 0 6
152 325 114 1158 0 1429 7
325 152 114 0 520 838 7
114 152 325 0 0 1658 7
325 114 152 0 406 838 7
152 114 325 325 0 2097 7
152 325 114 325 0 1983 7
152 114 325 533 0 1104 7
114 325 152 929 0 0 7
152 325 114 533 0 2846 7
325 114 152 1158 0 4423 7
152 114 325 152 0 3628 7
152 114 325 1310 0 1429 7
152 114 325 325 0 3303 7
152 114 325 325 0 2422 7
152 114 325 0 0 2097 7
152 325 114 229 0 3953 7
325 114 152 439 114 1104 7
152 325 114 0 0 990 7
114 325 152 325 325 838 7
114 325 152 325 0 838 7
31 27 8 18 20 30 25 35 33 14 16 15 36 23 5 1 4 21 29 13 22 11 10 7 12 19 2 6 17 3 34 28 26 24 32 9 
7 5 2 16 3 1 15 8 20 36 35 18 34 23 11 4 33 19 12 22 21 31 30 24 6 17 10 28 14 25 29 27 32 9 13 26 
24 2 3 14 1 25 23 5 28 7 17 11 10 26 6 27 8 15 4 12 36 33 30 35 21 20 29 31 22 18 32 16 19 34 9 13 
36
229 483 610 229 0 216 1sansundertale
229 610 483 533 0 0 1
229 610 483 533 0 483 1
483 610 229 439 457 1848 1
229 406 660 0 0 216 2
229 660 406 929 0 2013 2
533 457 216 0 0 0 2
533 216 457 0 483 381 2
178 533 356 0 0 4067 3
178 356 533 0 0 990 3
330 457 165 533 0 1848 4
165 457 330 764 0 2402 4
457 330 165 0 533 3953 5
165 330 457 764 0 3057 5
229 203 381 229 483 0 6
229 203 381 0 457 0 6
152 325 114 1158 0 1848 7
325 152 114 0 520 838 7
114 152 325 178 0 2077 7
325 114 152 0 406 838 7
152 114 325 325 0 2516 7
152 325 114 325 0 2402 7
152 114 325 533 0 1523 7
114 325 152 929 0 0 7
152 325 114 533 0 3057 7
325 114 152 1158 0 4423 7
152 114 325 152 0 3628 7
152 114 325 1310 0 1848 7
152 114 325 922 0 2732 7
152 114 325 325 0 2841 7
152 114 325 0 0 2516 7
152 325 114 292 0 3953 7
325 114 152 439 114 1523 7
152 325 114 477 0 3514 7
114 325 152 325 325 838 7
114 325 152 325 0 838 7
31 27 8 18 20 30 25 35 33 14 16 15 36 23 5 1 4 21 29 13 22 11 10 7 12 19 2 6 17 3 34 28 26 24 32 9 
7 5 2 16 3 1 15 8 20 36 35 18 10 23 11 4 33 19 12 22 21 31 30 24 6 17 29 28 14 25 34 27 32 9 13 26 
24 2 3 14 1 25 23 5 28 7 17 11 29 26 6 27 8 15 4 12 36 33 30 35 21 20 34 31 22 18 32 16 19 10 9 13 
36
229 483 610 229 0 216 1sansundertale
229 610 483 533 0 0 1
229 610 483 533 0 483 1
483 610 229 439 457 1640 1
229 406 660 0 0 216 2
229 660 406 929 0 1805 2
533 457 216 0 0 0 2
533 216 457 0 483 381 2
178 533 356 0 0 4067 3
178 356 533 922 0 2524 3
330 457 165 533 0 1640 4
165 457 330 764 0 2194 4
457 330 165 0 533 3953 5
165 330 457 764 0 3057 5
229 203 381 229 483 0 6
229 203 381 0 457 0 6
152 325 114 1158 0 1640 7
325 152 114 0 520 838 7
114 152 325 152 0 1869 7
325 114 152 0 406 838 7
152 114 325 325 0 2308 7
152 325 114 325 0 2194 7
152 114 325 533 0 1315 7
114 325 152 929 0 0 7
152 325 114 533 0 3057 7
325 114 152 1158 0 4423 7
152 114 325 152 0 3628 7
152 114 325 1310 0 1640 7
152 114 325 0 0 990 7
152 114 325 325 0 2633 7
152 114 325 0 0 2308 7
152 325 114 266 0 3953 7
325 114 152 439 114 1315 7
152 325 114 477 0 3514 7
114 325 152 325 325 838 7
114 325 152 325 0 838 7
31 27 8 18 20 30 25 35 33 14 16 15 36 23 5 1 4 21 29 13 22 11 10 7 12 19 2 6 17 3 34 28 26 24 32 9 
7 5 16 2 3 1 15 8 20 36 35 18 29 23 11 4 33 19 12 22 21 31 30 24 6 17 10 28 14 25 34 27 32 9 13 26 
24 2 3 14 1 25 23 5 28 7 17 11 10 26 6 27 8 15 4 12 36 33 30 35 21 20 34 31 22 18 32 16 19 29 9 13 
36
229 483 610 229 0 216 1sansundertale
229 610 483 533 0 0 1
229 610 483 533 0 483 1
483 610 229 439 457 1467 1
229 406 660 0 0 216 2
229 660 406 929 0 1632 2
533 457 216 0 0 0 2
533 216 457 0 483 381 2
178 533 356 0 0 3894 3
178 356 533 922 0 2351 3
330 457 165 764 0 1467 4
165 457 330 764 0 2021 4
457 330 165 0 533 3780 5
165 330 457 533 0 2884 5
229 203 381 229 483 0 6
229 203 381 0 457 0 6
152 325 114 1158 0 1467 7
325 152 114 0 520 838 7
114 152 325 114 0 1696 7
325 114 152 0 406 838 7
152 114 325 325 0 2135 7
152 325 114 325 0 2021 7
152 114 325 533 0 1142 7
114 325 152 1094 0 0 7
152 325 114 533 330 2884 7
325 114 152 1158 0 4250 7
152 114 325 152 0 3455 7
152 114 325 1310 0 1467 7
114 152 325 0 0 990 7
152 114 325 325 0 2460 7
152 114 325 0 0 2135 7
152 325 114 229 0 3780 7
325 114 152 439 0 990 7
152 325 114 477 0 3341 7
114 325 152 325 325 838 7
114 325 152 325 0 838 7
31 27 8 18 20 30 25 35 29 14 16 15 36 23 5 1 4 21 33 13 22 11 10 7 12 19 2 6 17 3 34 28 26 24 32 9 
7 5 2 16 3 1 15 8 20 36 35 18 33 23 11 4 29 19 12 22 21 31 30 24 6 17 10 28 14 25 34 27 32 9 13 26 
24 2 3 14 1 25 23 5 28 7 17 11 10 26 6 27 8 15 4 12 36 33 30 35 21 20 34 31 22 18 32 16 19 29 9 13 
36
229 483 610 229 0 216 1sansundertale
229 610 483 533 0 0 1
229 610 483 533 0 483 1
483 610 229 439 457 1640 1
229 406 660 0 0 216 2
229 660 406 922 0 1805 2
533 457 216 0 0 0 2
533 216 457 0 483 381 2
178 533 356 0 0 3775 3
178 356 533 922 0 2524 3
330 457 165 533 0 1640 4
165 457 330 650 0 2194 4
457 330 165 0 533 3661 5
457 330 165 533 0 3057 5
229 203 381 229 483 0 6
229 203 381 0 457 0 6
152 325 114 1151 0 1640 7
325 152 114 0 520 838 7
114 152 325 152 0 1869 7
325 114 152 0 406 838 7
152 114 325 325 0 2308 7
152 325 114 325 0 2194 7
152 114 325 533 0 1315 7
114 325 152 922 0 0 7
152 325 114 533 330 3057 7
325 114 152 1151 0 4131 7
152 114 325 152 0 3336 7
152 114 325 1303 0 1640 7
152 114 325 0 0 990 7
152 114 325 325 0 2633 7
152 114 325 0 0 2308 7
152 325 114 266 0 3661 7
325 114 152 325 114 1315 7
152 325 114 477 0 3222 7
114 325 152 325 325 838 7
114 325 152 325 0 838 7
31 27 8 18 20 30 25 14 33 35 16 15 36 23 5 1 4 21 29 13 22 11 10 7 12 19 2 6 17 3 34 28 26 24 32 9 
7 5 2 16 3 1 15 8 20 36 35 18 29 23 11 4 33 19 12 22 21 31 30 24 6 17 10 28 14 25 34 27 32 9 13 26 
24 2 3 14 1 25 23 5 28 7 17 11 10 26 6 27 8 15 4 12 36 33 30 35 21 20 34 31 22 18 32 16 19 29 9 13 
36
229 483 610 229 0 216 1sansundertale
229 610 483 533 0 0 1
229 610 483 533 0 483 1
483 610 229 439 457 1467 1
229 406 660 0 0 216 2
229 660 406 929 0 2465 2
533 457 216 0 0 0 2
533 216 457 0 483 381 2
178 533 356 0 0 4414 3
178 356 533 922 0 2871 3
330 457 165 533 0 1467 4
165 457 330 764 0 2021 4
457 330 165 0 533 4300 5
165 330 457 764 0 3404 5
229 203 381 229 483 0 6
229 203 381 0 457 0 6
152 325 114 1158 0 2465 7
325 152 114 0 520 838 7
114 152 325 0 0 1696 7
325 114 152 0 406 838 7
152 114 325 325 0 2135 7
152 325 114 325 0 2021 7
152 114 325 533 0 1142 7
325 114 152 0 0 990 7
152 325 114 533 0 3404 7
325 114 152 1158 0 4770 7
152 114 325 152 0 3975 7
152 114 325 1310 0 2465 7
152 325 114 922 0 2351 7
152 114 325 325 0 2460 7
152 114 325 0 0 2135 7
152 325 114 325 0 4300 7
325 114 152 439 114 1142 7
152 325 114 477 0 3861 7
114 325 152 325 325 838 7
114 325 152 325 0 838 7
31 27 8 18 20 30 25 35 33 14 16 15 36 23 5 1 4 21 29 13 22 11 10 7 12 19 2 6 17 3 34 28 26 24 32 9 
7 5 2 16 3 1 15 8 20 36 35 18 24 23 11 4 33 19 12 22 21 31 30 29 6 17 10 28 14 25 34 27 32 9 13 26 
29 2 3 14 1 25 23 5 28 7 17 11 10 26 6 27 8 15 4 12 36 33 30 35 21 20 34 31 22 18 32 16 19 24 9 13 
36
229 483 610 229 0 216 1sansundertale
229 610 483 533 0 0 1
229 610 483 533 0 483 1
483 610 229 439 457 1526 1
229 406 660 0 0 216 2
229 660 406 922 0 1691 2
533 457 216 0 0 0 2
533 216 457 0 483 381 2
178 533 356 0 0 3640 3
178 356 533 922 0 2097 3
330 457 165 533 0 1526 4
457 165 330 0 152 1755 4
457 330 165 0 533 3526 5
165 330 457 764 0 2630 5
229 203 381 229 483 0 6
229 203 381 0 457 0 6
152 325 114 1151 0 1526 7
325 152 114 0 520 838 7
114 152 325 0 0 1755 7
325 114 152 0 406 838 7
152 114 325 325 0 2194 7
152 325 114 457 0 2080 7
152 114 325 533 0 1201 7
114 325 152 922 0 0 7
152 325 114 533 0 2630 7
325 114 152 1151 0 3996 7
152 114 325 152 0 3201 7
152 114 325 1303 0 1526 7
152 114 325 439 610 876 7
152 114 325 325 0 2519 7
152 114 325 0 0 2194 7
152 325 114 457 0 3526 7
325 114 152 439 724 838 7
152 325 114 609 0 3087 7
114 325 152 325 325 838 7
114 325 152 325 0 838 7
31 27 8 18 20 30 25 35 33 14 16 15 36 23 5 1 4 21 12 13 22 11 10 7 29 19 2 6 17 3 34 28 26 24 32 9 
7 5 2 16 3 1 15 8 20 36 35 18 29 23 11 4 33 19 12 22 21 31 30 24 6 17 10 28 14 25 34 27 32 9 13 26 
24 2 3 14 1 25 23 5 28 7 17 11 10 26 6 27 8 15 4 29 36 33 30 35 21 20 34 31 22 18 32 16 19 12 9 13 
36
229 483 610 229 0 216 1sansundertale
229 610 483 533 0 0 1
229 610 483 533 0 483 1
483 610 229 439 457 1671 1
229 406 660 0 0 216 2
229 660 406 929 0 1836 2
533 457 216 0 0 0 2
533 216 457 0 483 381 2
178 533 356 0 0 990 3
178 356 533 922 0 2555 3
330 457 165 533 0 1671 4
165 457 330 764 0 2225 4
457 330 165 0 325 3984 5
165 330 457 764 0 3088 5
229 203 381 229 483 0 6
229 203 381 0 457 0 6
152 325 114 1158 0 1671 7
325 152 114 0 520 838 7
114 152 325 178 0 1900 7
325 114 152 0 406 838 7
152 114 325 325 0 2339 7
152 325 114 325 0 2225 7
152 114 325 533 0 1346 7
114 325 152 929 0 0 7
152 325 114 533 0 3088 7
325 114 152 1158 0 4250 7
152 114 325 152 0 3659 7
152 114 325 1310 0 1671 7
325 114 152 178 0 4098 7
152 114 325 325 0 2664 7
152 114 325 0 0 2339 7
152 325 114 292 0 3984 7
325 114 152 439 114 1346 7
152 325 114 477 0 3545 7
114 325 152 325 325 838 7
114 325 152 325 0 838 7
31 27 8 18 20 30 25 35 33 14 16 15 36 23 5 1 4 21 9 13 22 11 10 7 12 19 2 6 17 3 34 28 26 24 32 29 
7 5 2 16 3 1 15 8 20 36 35 18 9 23 11 4 33 19 12 22 21 31 30 24 6 17 10 28 14 25 34 27 32 29 13 26 
24 2 3 14 1 25 23 5 28 7 17 11 10 26 6 27 8 15 4 12 36 33 30 35 21 20 34 31 22 18 32 16 19 29 9 13 
36
229 483 610 229 0 216 1sansundertale
229 610 483 533 0 0 1
229 610 483 533 0 483 1
483 610 229 439 457 1429 1
229 406 660 0 0 216 2
229 660 406 929 0 1594 2
533 457 216 0 0 0 2
533 216 457 0 483 381 2
533 356 178 0 325 3742 3
178 356 533 922 0 2313 3
330 457 165 533 0 1429 4
165 457 330 764 0 1983 4
457 330 165 0 0 3920 5
165 330 457 764 0 2846 5
229 203 381 229 483 0 6
229 203 381 0 457 0 6
152 325 114 1158 0 1429 7
325 152 114 0 520 838 7
114 152 325 0 0 1658 7
325 114 152 0 406 838 7
152 114 325 325 0 2097 7
152 325 114 325 0 1983 7
152 114 325 533 0 1104 7
114 325 152 929 0 1104 7
152 325 114 533 0 2846 7
325 114 152 1158 0 3856 7
152 114 325 152 0 3417 7
152 114 325 1310 0 1429 7
152 325 114 0 0 990 7
152 114 325 325 0 2422 7
152 114 325 0 0 2097 7
152 325 114 229 0 3742 7
325 114 152 439 114 1104 7
152 325 114 477 0 3303 7
114 325 152 325 325 838 7
114 325 152 325 0 838 7
31 27 8 18 20 30 25 35 33 14 16 15 36 23 5 1 4 21 9 13 22 11 10 7 12 19 2 6 17 3 34 28 26 24 32 29 
7 5 2 16 3 1 15 8 20 36 35 18 29 23 11 4 33 19 12 22 21 31 30 24 6 17 10 28 14 25 34 27 32 9 13 26 
24 2 3 14 1 25 23 5 28 7 17 11 10 26 6 27 8 15 4 12 36 33 30 35 21 20 34 31 22 18 32 16 19 9 29 13 
36
229 483 610 229 0 216 1sansundertale
229 610 483 533 0 0 1
229 610 483 533 0 483 1
483 610 229 439 0 1691 1
229 406 660 0 0 216 2
229 660 406 929 0 1526 2
533 457 216 0 0 0 2
533 216 457 0 483 381 2
178 533 356 0 0 4118 3
178 356 533 922 0 2575 3
330 457 165 0 0 1526 4
165 457 330 764 0 2245 4
457 330 165 0 533 4004 5
165 330 457 764 0 3108 5
229 203 381 229 483 0 6
229 203 381 0 457 0 6
152 325 114 1158 0 1526 7
325 152 114 0 520 838 7
114 152 325 330 0 1920 7
325 114 152 0 406 838 7
152 114 325 325 0 2359 7
152 325 114 330 0 2245 7
152 114 325 533 0 1201 7
114 325 152 929 0 0 7
152 325 114 533 0 3108 7
325 114 152 1158 0 4474 7
152 114 325 152 0 3679 7
152 114 325 1310 0 1526 7
152 114 325 533 610 876 7
152 114 325 325 0 2684 7
152 114 325 0 0 2359 7
152 325 114 444 0 4004 7
325 114 152 439 610 1691 7
152 325 114 482 0 3565 7
114 325 152 325 325 838 7
114 325 152 325 0 838 7
31 27 8 18 20 30 25 35 33 14 16 15 36 23 5 1 4 21 11 13 22 29 10 7 12 19 2 6 17 3 34 28 26 24 32 9 
7 5 2 16 3 1 15 8 20 36 35 18 29 23 11 4 33 19 12 22 21 31 30 24 6 17 10 28 14 25 34 27 32 9 13 26 
24 2 3 14 1 25 23 5 28 7 17 29 10 26 6 27 8 15 4 12 36 33 30 35 21 20 34 31 22 18 32 16 19 11 9 13 
36
229 483 610 229 0 216 1sansundertale
229 610 483 533 0 0 1
229 610 483 533 0 483 1
483 610 229 439 457 1734 1
229 406 660 0 0 216 2
229 660 406 929 0 1899 2
533 457 216 0 0 0 2
533 216 457 0 483 381 2
178 533 356 0 0 4387 3
178 356 533 533 610 876 3
330 457 165 533 0 1734 4
165 457 330 764 0 2288 4
457 330 165 0 533 4273 5
165 330 457 764 0 3377 5
229 203 381 229 483 0 6
229 203 381 0 457 0 6
152 325 114 1158 0 1734 7
325 152 114 0 520 838 7
114 152 325 0 0 1963 7
325 114 152 0 406 838 7
152 114 325 325 0 2402 7
152 325 114 325 0 2288 7
152 114 325 533 0 1409 7
114 325 152 929 0 0 7
152 325 114 533 0 3377 7
325 114 152 1158 0 4743 7
152 114 325 152 0 3948 7
152 114 325 1310 0 1734 7
114 152 325 0 0 3052 7
152 114 325 325 0 2727 7
152 114 325 0 0 2402 7
152 325 114 229 0 4273 7
325 114 152 439 966 838 7
152 325 114 477 0 3834 7
114 325 152 325 325 838 7
114 325 152 325 0 838 7
31 27 8 18 20 30 25 35 33 14 16 15 36 23 5 1 4 21 29 13 22 11 10 7 12 19 2 6 17 3 34 28 26 24 32 9 
7 5 2 16 3 1 15 8 20 36 35 18 10 23 11 4 33 19 12 22 21 31 30 24 6 17 29 28 14 25 34 27 32 9 13 26 
24 2 3 14 1 25 23 5 28 7 17 11 10 26 6 27 8 15 4 12 36 33 30 35 21 20 34 31 22 18 32 16 19 29 9 13 
36
229 483 610 229 0 216 1sansundertale
229 610 483 533 0 0 1
229 610 483 533 0 483 1
483 610 229 439 457 1640 1
229 406 660 0 0 216 2
229 660 406 929 0 1805 2
533 457 216 0 0 0 2
533 216 457 0 483 381 2
178 533 356 0 0 4067 3
178 356 533 922 0 2524 3
330 457 165 533 0 1640 4
165 457 330 764 0 2194 4
457 330 165 0 533 3953 5
165 330 457 764 0 3057 5
229 203 381 229 483 0 6
229 203 381 0 457 0 6
152 325 114 1158 0 1640 7
325 152 114 0 520 838 7
114 325 152 325 0 838 7
325 114 152 0 406 838 7
152 114 325 325 0 2308 7
152 325 114 325 0 2194 7
152 114 325 533 0 1315 7
114 325 152 929 0 0 7
152 325 114 533 0 3057 7
325 114 152 1158 0 4423 7
152 114 325 152 0 3628 7
152 114 325 1310 0 1640 7
152 114 325 0 0 990 7
152 114 325 325 0 2633 7
152 114 325 0 0 2308 7
152 325 114 266 0 3953 7
325 114 152 439 114 1315 7
152 325 114 477 0 3514 7
114 325 152 325 325 838 7
114 152 325 152 0 1869 7
31 27 8 18 20 30 25 35 33 14 16 15 19 23 5 1 4 21 29 13 22 11 10 7 12 36 2 6 17 3 34 28 26 24 32 9 
7 5 2 16 3 1 15 8 20 19 35 18 29 23 11 4 33 36 12 22 21 31 30 24 6 17 10 28 14 25 34 27 32 9 13 26 
24 2 3 14 1 25 23 5 28 7 17 11 10 26 6 27 8 15 4 12 19 33 30 35 21 20 34 31 22 18 32 16 36 29 9 13 
36
229 483 610 229 0 216 1sansundertale
229 610 483 533 0 0 1
229 610 483 533 0 483 1
483 610 229 439 457 1429 1
229 406 660 0 0 216 2
229 660 406 929 0 1594 2
533 457 216 0 0 0 2
533 216 457 0 483 381 2
178 533 356 0 0 3543 3
178 356 533 922 0 2000 3
330 457 165 533 0 1429 4
165 457 330 764 0 1658 4
457 330 165 0 533 3429 5
165 330 457 764 0 2533 5
229 203 381 229 483 0 6
229 203 381 0 457 0 6
152 325 114 1158 0 1429 7
325 152 114 0 520 838 7
152 114 325 0 0 1658 7
325 114 152 0 406 838 7
152 114 325 325 0 1983 7
152 325 114 325 0 1658 7
152 114 325 533 0 1104 7
114 325 152 929 0 0 7
152 325 114 533 0 2533 7
325 114 152 1158 0 3899 7
