36
229 610 483 0 0 546
229 610 483 673 0 0
610 229 483 0 533 0
610 483 229 229 0 775
660 406 229 229 406 546
660 406 229 229 0 546
216 533 457 457 0 0
457 533 216 0 0 0
533 178 356 229 483 775
356 533 178 889 114 927
457 165 330 0 165 216
330 457 165 889 0 597
457 165 330 0 0 216
330 457 165 889 0 1481
203 229 381 0 610 546
203 381 229 673 0 1252
152 325 114 457 0 1747
152 325 114 1219 0 1958
152 114 325 673 0 2338
325 152 114 609 0 2224
152 114 325 1214 0 927
114 152 325 1219 0 1481
152 325 114 673 0 2663
152 114 325 673 610 0
325 114 152 1245 0 1806
325 114 152 889 647 1041
325 152 114 889 0 483
325 114 152 889 0 775
325 114 152 1219 0 2072
114 325 152 229 0 1481
325 152 114 0 0 1633
114 152 325 0 0 1861
152 325 114 902 0 0
325 152 114 889 647 927
114 325 152 889 457 597
152 325 114 0 0 1029
3 8 11 13 15 17 31 7 36 19 1 23 16 24 20 30 5 9 4 26 2 34 32 6 14 22 27 35 10 29 21 25 12 18 33 28 
8 7 13 1 2 24 6 5 4 33 27 12 35 28 21 10 34 26 9 16 14 36 30 22 25 18 31 11 17 32 29 15 20 19 3 23 
19 16 33 21 22 2 27 25 23 24 12 35 7 20 10 29 26 18 8 13 6 34 28 17 14 31 5 4 30 9 36 1 11 32 15 3 
36
229 610 483 0 0 546
229 610 483 673 0 0
610 229 483 0 533 0
610 483 229 229 0 775
660 406 229 229 406 546
660 406 229 229 0 546
216 533 457 457 0 0
457 533 216 0 0 0
533 178 356 229 483 775
356 533 178 889 114 927
457 165 330 0 165 216
330 457 165 1041 0 483
457 165 330 0 0 216
330 457 165 889 0 1481
203 229 381 0 610 546
203 381 229 673 0 1252
152 325 114 457 0 1747
152 325 114 1219 0 1958
152 114 325 673 0 2549
152 325 114 889 0 483
152 114 325 1155 0 927
114 152 325 1219 0 1481
152 325 114 673 0 2874
152 114 325 673 610 0
325 114 152 1245 0 1806
325 114 152 889 647 1041
114 152 325 825 0 2224
325 114 152 889 0 775
325 114 152 1219 0 2072
114 325 152 229 0 1481
325 152 114 0 0 1633
114 152 325 0 0 1861
152 325 114 902 0 0
325 152 114 889 647 927
114 325 152 1041 457 483
152 325 114 0 0 1029
3 8 11 13 15 17 31 7 36 19 1 23 16 24 27 30 5 9 4 26 2 34 32 6 14 22 20 35 10 29 21 25 12 18 33 28 
8 7 13 1 2 24 6 5 4 33 20 12 35 28 21 10 34 26 9 16 14 36 30 22 25 18 31 11 17 32 29 15 27 19 3 23 
19 16 33 21 22 2 27 25 23 24 12 35 7 20 10 29 26 18 8 13 6 34 28 17 14 31 5 4 30 9 36 1 11 32 15 3 
36
229 610 483 0 0 546
229 610 483 673 0 0
610 229 483 0 533 0
610 483 229 229 0 775
660 406 229 229 406 546
660 406 229 229 0 546
216 533 457 457 0 0
457 533 216 0 0 0
533 178 356 229 483 775
356 533 178 889 457 927
457 165 330 0 165 216
330 457 165 1003 0 927
457 165 330 0 0 216
330 457 165 889 0 1422
203 229 381 0 610 546
203 381 229 673 0 1193
152 325 114 457 0 1688
152 325 114 1219 0 1899
152 114 325 673 0 2279
325 152 114 609 0 2165
114 152 325 1214 0 0
114 152 325 1219 0 1422
152 325 114 673 0 2604
152 114 325 673 610 0
325 114 152 1245 0 1747
325 114 152 889 990 1041
325 152 114 889 0 483
325 114 152 889 0 775
325 114 152 1219 0 2013
114 325 152 229 0 1422
325 152 114 0 0 1574
114 152 325 0 0 1802
152 325 114 902 0 0
325 152 114 889 990 927
114 325 152 889 0 597
152 325 114 0 0 1029
3 8 11 13 15 17 31 7 36 19 1 23 16 24 20 30 5 9 4 26 2 34 32 6 14 22 27 35 10 29 21 25 12 18 33 28 
8 7 13 1 2 24 6 5 4 33 27 21 35 28 12 10 34 26 9 16 14 36 30 22 25 18 31 11 17 32 29 15 20 19 3 23 
19 16 33 21 22 2 27 25 23 24 12 35 7 20 10 29 26 18 8 13 6 34 28 17 14 31 5 4 30 9 36 1 11 32 15 3 
36
229 610 483 0 0 546
229 610 483 673 0 0
610 229 483 0 533 0
610 483 229 229 0 775
660 406 229 229 406 546
660 406 229 229 0 546
216 533 457 457 0 0
457 533 216 0 0 0
533 178 356 229 483 775
356 178 533 889 0 597
457 165 330 0 165 216
330 457 165 1245 0 1759
457 165 330 0 0 216
330 457 165 889 0 2153
203 229 381 0 610 546
203 381 229 673 0 1924
152 325 114 457 0 2419
152 325 114 1219 0 2630
152 114 325 673 0 3010
325 152 114 609 0 2896
152 114 325 1245 0 1434
114 152 325 1219 0 2153
152 325 114 673 0 3335
152 114 325 673 610 0
325 114 152 1245 0 2478
325 114 152 889 0 1548
325 152 114 889 0 483
325 114 152 889 0 1282
325 114 152 1219 0 2744
114 325 152 229 0 2153
325 152 114 0 0 2305
114 152 325 0 0 2533
152 325 114 902 0 0
325 152 114 889 0 1434
114 325 152 889 0 1130
152 325 114 0 0 1029
3 8 11 13 15 17 31 7 36 19 1 23 16 24 20 30 5 9 4 26 2 34 32 6 14 22 27 35 10 29 21 25 12 18 33 28 
8 7 13 1 2 24 6 5 4 33 27 10 35 28 21 12 34 26 9 16 14 36 30 22 25 18 31 11 17 32 29 15 20 19 3 23 
19 16 33 21 22 2 27 25 23 24 12 35 7 20 10 29 26 18 8 13 6 34 28 17 14 31 5 4 30 9 36 1 11 32 15 3 
36
229 610 483 0 0 546
229 610 483 673 0 0
610 229 483 0 533 0
610 483 229 229 0 775
660 406 229 229 406 546
660 406 229 229 0 546
216 533 457 457 0 0
457 533 216 0 0 0
533 178 356 229 483 775
356 533 178 889 114 927
457 165 330 0 165 216
330 457 165 889 0 597
457 165 330 0 0 216
330 457 165 889 0 1481
203 229 381 0 610 546
203 381 229 673 0 1252
152 325 114 457 0 1747
152 325 114 1219 0 1958
152 114 325 673 0 2338
325 152 114 609 0 2224
152 114 325 1214 0 927
114 152 325 1219 0 1481
152 325 114 673 0 2663
152 114 325 673 610 0
325 114 152 1245 0 1806
325 114 152 889 647 1041
325 152 114 889 0 483
325 114 152 889 0 775
325 114 152 1219 0 2072
114 325 152 229 0 1481
325 152 114 0 0 1633
114 152 325 0 0 1861
152 325 114 0 0 1029
325 152 114 889 647 927
114 325 152 889 457 597
325 152 114 1366 0 1481
3 8 11 13 15 17 31 7 33 19 1 23 16 24 20 30 5 9 4 26 2 34 32 6 14 22 27 35 10 29 21 25 12 18 36 28 
8 7 13 1 2 24 6 5 4 33 27 12 35 28 21 10 34 26 9 16 14 36 30 22 25 18 31 11 17 32 29 15 20 19 3 23 
19 16 36 21 22 2 27 25 23 24 12 35 7 20 10 29 26 18 8 13 6 34 28 17 14 31 5 4 30 9 33 1 11 32 15 3 
36
229 610 483 0 0 546
229 610 483 673 0 0
610 229 483 0 533 0
610 483 229 229 0 775
660 406 229 229 406 546
660 406 229 229 0 546
216 533 457 457 0 0
457 533 216 0 0 0
533 178 356 229 483 775
356 533 178 889 114 927
457 165 330 0 165 216
330 457 165 889 0 597
457 165 330 0 0 216
330 457 165 889 114 1245
203 229 381 0 610 546
229 381 203 673 0 1696
152 325 114 0 0 1131
152 325 114 1219 0 1582
152 114 325 673 0 2338
325 152 114 457 0 2224
152 114 325 1214 0 927
114 152 325 1219 114 1105
152 325 114 673 0 2663
152 114 325 673 610 0
325 114 152 1245 0 1430
325 114 152 889 647 1041
325 152 114 889 0 483
325 114 152 889 0 775
325 114 152 1219 0 1899
114 325 152 229 0 1245
325 152 114 0 0 1397
114 152 325 0 0 1899
152 325 114 902 0 0
325 152 114 889 647 927
114 325 152 889 457 597
152 325 114 0 0 1245
3 8 11 13 15 17 31 7 36 19 1 23 16 24 20 30 5 9 4 26 2 34 32 6 14 22 27 35 10 29 21 25 12 18 33 28 
8 7 13 1 2 24 6 5 4 33 27 12 35 28 21 10 34 26 9 17 14 36 30 22 25 18 31 11 16 32 29 15 20 19 3 23 
19 16 33 21 22 2 27 25 23 24 12 35 7 20 10 29 26 18 8 13 6 34 28 17 14 31 5 4 30 9 36 1 11 32 15 3 
36
229 610 483 0 0 546
229 610 483 673 0 0
610 229 483 0 533 0
610 483 229 229 0 775
660 406 229 229 406 546
660 406 229 229 0 546
216 533 457 457 0 0
457 533 216 0 0 0
533 178 356 229 483 775
356 533 178 889 114 927
457 165 330 0 165 216
330 457 165 889 0 597
457 165 330 0 0 216
330 457 165 889 0 1481
203 229 381 0 610 546
203 381 229 673 0 1252
152 325 114 457 0 1747
152 325 114 1219 0 1633
152 114 325 673 0 2300
325 152 114 609 0 2186
152 114 325 1214 0 927
114 152 325 673 0 2625
152 325 114 1219 0 1481
152 114 325 673 610 0
325 114 152 1371 0 1481
325 114 152 889 647 1041
325 152 114 889 0 483
325 114 152 889 0 775
325 114 152 1219 0 1747
114 325 152 229 0 1481
325 152 114 0 0 1633
114 152 325 0 0 1861
152 325 114 902 0 0
325 152 114 889 647 927
114 325 152 889 457 597
152 325 114 0 0 1029
3 8 11 13 15 17 31 7 36 19 1 22 16 24 20 30 5 9 4 26 2 34 32 6 14 23 27 35 10 29 21 25 12 18 33 28 
8 7 13 1 2 24 6 5 4 33 27 12 35 28 21 10 34 26 9 16 14 36 30 23 25 18 31 11 17 32 29 15 20 19 3 22 
19 16 33 21 22 2 27 25 23 24 12 35 7 20 10 29 26 18 8 13 6 34 28 17 14 31 5 4 30 9 36 1 11 32 15 3 
36
229 610 483 0 0 546
229 610 483 673 0 0
610 229 483 0 533 0
610 483 229 229 0 775
660 406 229 229 406 546
660 406 229 229 0 546
216 533 457 457 0 0
457 533 216 0 0 0
533 178 356 229 483 775
356 533 178 902 114 927
457 165 330 0 165 216
330 457 165 889 0 597
457 165 330 0 0 216
330 457 165 889 0 1481
203 229 381 0 610 546
203 381 229 673 0 1252
152 325 114 457 0 1747
152 325 114 1219 0 1806
152 114 325 673 0 2300
325 152 114 609 0 2186
152 114 325 1214 0 927
114 152 325 1219 0 1481
152 325 114 673 0 2625
152 114 325 673 610 0
325 114 152 1333 0 1481
325 114 152 889 647 1041
325 152 114 889 0 483
325 114 152 889 0 775
325 114 152 1219 0 1920
114 325 152 229 0 1481
325 152 114 0 0 1633
114 152 325 0 0 1861
152 325 114 902 0 0
325 152 114 889 647 927
114 325 152 889 457 597
152 325 114 0 0 1029
3 8 11 13 15 17 31 7 36 19 1 23 16 24 20 30 5 9 4 26 2 34 32 6 14 10 27 35 22 29 21 25 12 18 33 28 
8 7 13 1 2 24 6 5 4 33 27 12 35 28 21 10 34 26 9 16 14 36 30 22 25 18 31 11 17 32 29 15 20 19 3 23 
19 16 33 21 10 2 27 25 23 24 12 35 7 20 22 29 26 18 8 13 6 34 28 17 14 31 5 4 30 9 36 1 11 32 15 3 
36
229 610 483 0 0 546
229 610 483 673 0 0
610 229 483 0 533 0
610 483 229 229 0 775
660 406 229 229 406 546
660 406 229 229 0 546
216 533 457 457 0 0
457 533 216 0 0 0
533 178 356 229 483 775
356 533 178 889 114 927
457 165 330 0 165 216
330 457 165 889 0 597
457 165 330 0 0 216
330 457 165 889 0 1481
203 229 381 0 610 546
203 381 229 673 0 1252
152 325 114 457 0 1747
152 114 325 1245 0 1806
152 114 325 673 0 2300
325 152 114 609 0 2186
152 114 325 1214 0 927
114 152 325 1219 0 1481
152 325 114 673 0 2625
152 114 325 673 610 0
325 114 152 1219 114 1806
325 114 152 889 647 1041
325 152 114 889 0 483
325 114 152 889 0 775
325 114 152 1219 0 1958
114 325 152 229 0 1481
325 152 114 0 0 1633
114 152 325 0 0 1861
152 325 114 902 0 0
325 152 114 889 647 927
114 325 152 889 457 597
152 325 114 0 0 1029
3 8 11 13 15 17 31 7 36 19 1 23 16 24 20 30 5 9 4 26 2 34 32 6 14 22 27 35 10 29 21 25 12 18 33 28 
8 7 13 1 2 24 6 5 4 33 27 12 35 28 21 10 34 26 9 16 14 36 30 22 18 25 31 11 17 32 29 15 20 19 3 23 
19 16 33 21 22 2 27 18 23 24 12 35 7 20 10 29 26 25 8 13 6 34 28 17 14 31 5 4 30 9 36 1 11 32 15 3 
36
229 610 483 0 0 546
229 610 483 673 0 0
610 229 483 0 533 0
610 483 229 229 0 775
660 406 229 229 406 546
660 406 229 229 0 546
216 533 457 457 0 0
457 533 216 0 0 0
533 178 356 229 483 775
356 533 178 889 114 927
457 165 330 0 165 216
330 457 165 889 0 597
457 165 330 0 0 216
330 457 165 889 0 1481
203 229 381 0 610 546
203 381 229 673 0 1252
152 325 114 457 0 1747
152 325 114 1219 0 1958
152 114 325 673 0 2414
325 152 114 609 0 2300
152 114 325 1214 0 927
114 152 325 1219 0 1481
152 325 114 1219 0 2739
152 114 325 673 610 0
325 114 152 1245 0 1806
325 114 152 889 647 1041
325 152 114 889 0 483
325 114 152 889 0 775
325 152 114 673 0 2186
114 325 152 229 0 1481
325 152 114 0 0 1633
114 152 325 0 0 1861
152 325 114 902 0 0
325 152 114 889 647 927
114 325 152 889 457 597
152 325 114 0 0 1029
3 8 11 13 15 17 31 7 36 19 1 29 16 24 20 30 5 9 4 26 2 34 32 6 14 22 27 35 10 23 21 25 12 18 33 28 
8 7 13 1 2 24 6 5 4 33 27 12 35 28 21 10 34 26 9 16 14 36 30 22 25 18 31 11 17 32 29 15 20 19 3 23 
19 16 33 21 22 2 27 25 29 24 12 35 7 20 10 23 26 18 8 13 6 34 28 17 14 31 5 4 30 9 36 1 11 32 15 3 
36
229 610 483 0 0 546
229 610 483 673 0 0
610 229 483 0 533 0
610 483 229 229 0 775
660 406 229 229 406 546
660 406 229 229 0 546
216 533 457 457 0 0
457 533 216 0 0 0
533 178 356 229 483 775
356 533 178 889 114 914
457 165 330 0 165 216
330 457 165 889 0 597
457 165 330 0 0 216
330 457 165 889 0 1468
203 229 381 0 610 546
203 381 229 673 0 1239
152 325 114 457 0 1734
152 325 114 1219 0 1945
152 114 325 673 0 2325
325 152 114 609 0 2211
152 114 325 1214 0 914
114 152 325 1219 0 1468
152 325 114 673 0 2650
152 114 325 673 610 0
325 114 152 1245 0 1793
325 114 152 889 0 762
325 152 114 889 0 483
325 114 152 889 934 546
325 114 152 1219 0 2059
114 325 152 229 0 1468
325 152 114 0 0 1620
114 152 325 0 0 1848
152 325 114 902 0 0
325 152 114 889 782 546
114 325 152 889 457 597
152 325 114 0 0 1029
3 8 11 13 15 17 31 7 36 19 1 23 16 24 20 30 5 9 4 28 2 34 32 6 14 22 27 35 10 29 21 25 12 18 33 26 
8 7 13 1 2 24 6 5 4 33 27 12 35 26 21 10 34 28 9 16 14 36 30 22 25 18 31 11 17 32 29 15 20 19 3 23 
19 16 33 21 22 2 27 25 23 24 12 35 7 20 10 29 26 18 8 13 6 34 28 17 14 31 5 4 30 9 36 1 11 32 15 3 
36
229 610 483 0 0 546
229 610 483 673 0 0
610 229 483 0 533 0
610 483 229 229 0 775
660 406 229 229 406 546
660 406 229 229 0 546
216 533 457 457 0 0
457 533 216 0 0 0
533 178 356 229 483 775
356 533 178 889 114 927
457 165 330 0 165 216
330 457 165 889 0 597
457 165 330 0 0 216
330 457 165 889 0 1307
203 229 381 0 610 546
203 381 229 825 0 2012
152 325 114 457 0 1573
152 325 114 1219 0 1582
152 114 325 673 0 2241
325 152 114 457 0 1193
152 114 325 1214 0 927
114 152 325 1219 114 1105
152 325 114 673 0 2566
152 114 325 673 610 0
325 114 152 1245 0 1430
325 114 152 889 647 1041
325 152 114 889 0 483
325 114 152 889 0 775
325 114 152 1219 0 1696
114 325 152 229 0 1307
325 152 114 0 0 1459
114 152 325 0 0 1687
152 325 114 902 0 0
325 152 114 889 647 927
114 325 152 889 457 597
152 325 114 0 0 1029
3 8 11 13 15 17 31 7 36 19 1 23 20 24 16 30 5 9 4 26 2 34 32 6 14 22 27 35 10 29 21 25 12 18 33 28 
8 7 13 1 2 24 6 5 4 33 27 12 35 28 21 10 34 26 9 20 14 36 30 22 25 18 31 11 17 32 29 15 16 19 3 23 
19 16 33 21 22 2 27 25 23 24 12 35 7 20 10 29 26 18 8 13 6 34 28 17 14 31 5 4 30 9 36 1 11 32 15 3 
36
229 610 483 0 0 546
229 610 483 673 0 0
610 229 483 0 533 0
610 483 229 229 0 775
660 406 229 229 406 546
660 406 229 229 0 546
216 533 457 457 0 0
457 533 216 0 0 0
533 178 356 229 483 775
356 533 178 889 114 927
457 165 330 0 165 216
330 457 165 1219 0 1958
457 165 330 0 0 216
330 457 165 889 0 1481
203 229 381 0 610 546
203 381 229 673 0 1252
152 325 114 457 0 1747
152 325 114 889 0 597
152 114 325 673 0 2389
325 152 114 609 0 2275
152 114 325 1214 0 927
114 152 325 1219 0 1481
152 325 114 673 0 2714
152 114 325 673 610 0
325 114 152 1245 0 1806
325 114 152 889 647 1041
325 152 114 889 0 483
325 114 152 889 0 775
325 114 152 1219 0 2123
114 325 152 229 0 1481
325 152 114 0 0 1633
114 152 325 0 0 1861
152 325 114 902 0 0
325 152 114 889 647 927
114 325 152 889 325 597
152 325 114 0 0 1029
3 8 11 13 15 17 31 7 36 19 1 23 16 24 20 30 5 9 4 26 2 34 32 6 14 22 27 35 10 29 21 25 18 12 33 28 
8 7 13 1 2 24 6 5 4 33 27 18 35 28 21 10 34 26 9 16 14 36 30 22 25 12 31 11 17 32 29 15 20 19 3 23 
19 16 33 21 22 2 27 25 23 24 18 35 7 20 10 29 26 12 8 13 6 34 28 17 14 31 5 4 30 9 36 1 11 32 15 3 
36
229 610 483 0 0 546
229 610 483 673 0 0
610 229 483 0 533 0
610 483 229 229 0 775
660 406 229 229 406 546
660 406 229 229 0 546
216 533 457 457 0 0
457 533 216 0 0 0
533 178 356 229 483 775
356 533 178 889 114 927
457 165 330 0 165 216
330 457 165 889 0 597
457 165 330 0 0 216
330 457 165 889 0 1481
203 229 381 0 610 546
203 381 229 673 0 1252
152 325 114 457 0 1747
152 325 114 1219 0 1971
152 114 325 673 0 1646
325 152 114 609 0 2296
152 114 325 1214 0 927
114 152 325 1219 0 1481
152 325 114 673 0 2410
152 114 325 673 610 0
114 325 152 1544 0 2085
325 114 152 889 647 1041
325 152 114 889 0 483
325 114 152 889 0 775
325 114 152 1219 0 2085
114 325 152 229 0 1481
325 152 114 0 0 1633
114 152 325 0 0 1971
152 325 114 902 0 0
325 152 114 889 647 927
114 325 152 889 457 597
152 325 114 0 0 1029
3 8 11 13 15 17 31 7 36 19 1 23 16 24 20 30 5 9 4 26 2 34 32 6 14 22 27 35 10 29 21 25 12 18 33 28 
8 7 13 1 2 24 6 5 4 33 27 12 35 28 21 10 34 26 9 16 14 36 30 22 19 18 31 11 17 32 29 15 20 25 3 23 
25 16 33 21 22 2 27 19 23 24 12 35 7 20 10 29 26 18 8 13 6 34 28 17 14 31 5 4 30 9 36 1 11 32 15 3 
36
229 610 483 0 0 546
229 610 483 673 0 0
610 229 483 0 533 0
610 483 229 229 0 775
660 406 229 229 406 546
660 406 229 229 0 546
216 533 457 457 0 0
457 533 216 0 0 0
533 178 356 229 483 775
356 533 178 889 114 927
457 165 330 0 165 216
330 457 165 889 0 597
457 165 330 0 0 216
330 457 165 889 0 1577
203 229 381 0 610 546
203 381 229 673 0 1252
152 325 114 457 0 1747
152 325 114 1219 0 2054
152 114 325 902 0 1252
325 152 114 609 0 2320
152 114 325 1214 0 927
114 152 325 1219 0 1577
152 325 114 934 0 2434
152 114 325 673 610 0
325 114 152 1245 0 1902
325 114 152 889 647 927
325 152 114 889 0 483
325 114 152 889 0 775
325 114 152 1219 0 2168
114 325 152 229 0 1481
325 152 114 0 0 1633
114 152 325 0 0 1861
152 325 114 902 0 0
325 152 114 609 0 2186
114 325 152 889 457 597
152 325 114 0 0 1029
3 8 11 13 15 17 31 7 36 34 1 23 16 24 20 30 5 9 4 26 2 19 32 6 14 22 27 35 10 29 21 25 12 18 33 28 
8 7 13 1 2 24 6 5 4 33 27 12 35 28 21 10 19 26 9 16 14 36 30 22 25 18 31 11 17 32 29 15 20 34 3 23 
19 16 33 21 22 2 27 25 23 24 12 35 7 20 10 29 26 18 8 13 6 34 28 17 14 31 5 4 30 9 36 1 11 32 15 3 
36
229 610 483 0 0 546
229 610 483 673 0 0
610 229 483 0 533 0
610 483 229 229 0 775
660 406 229 229 406 546
660 406 229 229 0 546
216 533 457 457 0 0
457 533 216 0 0 0
533 178 356 229 483 775
356 533 178 889 457 749
457 165 330 0 165 216
330 457 165 889 0 597
457 165 330 0 0 216
330 457 165 889 0 1512
203 229 381 0 610 546
203 229 381 229 0 1131
152 325 114 457 0 1778
152 325 114 1219 0 1404
152 114 325 673 0 2331
325 152 114 609 0 2217
152 114 325 1214 0 762
114 152 325 1219 114 927
152 325 114 673 0 2656
152 114 325 673 610 0
325 114 152 1245 0 1252
325 114 152 889 990 775
325 152 114 889 0 483
325 152 114 1219 0 0
325 114 152 1219 0 1518
114 325 152 229 0 1512
325 152 114 0 0 1664
114 152 325 0 0 1892
152 325 114 902 0 0
325 152 114 889 782 546
114 325 152 889 457 597
152 325 114 0 0 1029
3 8 11 13 15 17 31 7 36 19 1 23 16 24 20 30 5 9 4 26 2 34 32 6 14 22 27 35 10 29 21 25 12 18 33 28 
8 7 13 1 2 24 6 5 4 33 27 12 35 28 21 10 34 26 9 16 14 36 30 22 25 18 31 11 17 32 29 15 20 19 3 23 
19 28 33 21 22 2 27 25 23 24 12 35 7 20 10 29 26 18 8 13 6 34 16 17 14 31 5 4 30 9 36 1 11 32 15 3 
36
229 610 483 0 0 546
229 610 483 673 0 0
610 229 483 0 533 0
610 483 229 229 0 775
660 406 229 229 406 546
660 406 229 229 0 546
216 533 457 457 0 0
457 533 216 0 0 0
533 178 356 229 483 775
356 533 178 1214 114 927
457 165 330 0 165 216
330 457 165 889 0 597
457 165 330 0 0 216
330 457 165 889 0 1481
203 229 381 0 610 546
203 381 229 673 0 1252
152 325 114 457 0 1747
152 325 114 1219 0 1958
152 114 325 673 0 2300
325 152 114 609 0 2186
152 114 325 1214 0 927
114 152 325 1219 0 1481
152 325 114 673 0 2625
152 114 325 673 610 0
325 114 152 1570 0 1806
325 114 152 889 0 1041
325 152 114 889 0 483
325 114 152 889 0 775
325 114 152 889 457 597
114 325 152 229 0 1481
325 152 114 0 0 1633
114 152 325 0 0 1861
152 325 114 902 0 0
325 152 114 889 0 927
114 325 152 1570 0 2072
152 325 114 0 0 1029
3 8 11 13 15 17 31 7 36 19 1 23 16 24 20 30 5 9 4 26 2 34 32 6 14 22 27 29 10 35 21 25 12 18 33 28 
8 7 13 1 2 24 6 5 4 33 27 12 29 28 21 10 34 26 9 16 14 36 30 22 25 18 31 11 17 32 35 15 20 19 3 23 
19 16 33 21 22 2 27 25 23 24 12 35 7 20 10 29 26 18 8 13 6 34 28 17 14 31 5 4 30 9 36 1 11 32 15 3 
36
229 610 483 0 0 546
229 610 483 673 0 0
610 229 483 0 533 0
610 483 229 229 0 775
660 406 229 229 406 546
660 406 229 229 0 546
216 533 457 457 0 0
457 533 216 0 0 0
533 178 356 229 483 775
356 533 178 889 0 762
457 165 330 0 165 216
330 457 165 889 0 597
457 165 330 0 0 216
330 457 165 889 0 1494
203 229 381 0 610 546
203 381 229 673 0 1265
152 325 114 457 0 1760
152 325 114 1219 0 1971
152 114 325 673 0 2351
325 152 114 609 0 2237
152 114 325 1214 0 940
114 152 325 1219 0 1494
152 325 114 673 0 2676
152 114 325 673 610 0
325 114 152 1219 0 1819
325 114 152 889 0 1041
325 152 114 889 0 483
114 325 152 889 533 775
325 114 152 1219 0 2085
114 325 152 229 0 1494
325 152 114 0 0 1646
114 152 325 0 0 1874
152 325 114 902 0 0
325 152 114 889 533 927
114 325 152 889 457 597
152 325 114 0 0 1029
3 8 11 13 15 17 31 7 36 19 1 23 16 24 20 30 5 9 4 26 2 34 32 6 14 22 27 35 28 29 21 25 12 18 33 10 
8 7 13 1 2 24 6 5 4 33 27 12 35 10 21 28 34 26 9 16 14 36 30 22 25 18 31 11 17 32 29 15 20 19 3 23 
19 16 33 21 22 2 27 25 23 24 12 35 7 20 10 29 26 18 8 13 6 34 28 17 14 31 5 4 30 9 36 1 11 32 15 3 
36
229 610 483 0 0 546
229 610 483 673 0 0
610 229 483 0 533 0
610 483 229 229 0 775
660 406 229 229 406 546
660 406 229 229 0 546
216 533 457 457 0 0
457 533 216 0 0 0
533 178 356 229 483 775
533 356 178 0 0 1633
457 165 330 0 165 216
330 457 165 889 0 597
457 165 330 0 0 216
330 457 165 889 0 1481
203 229 381 0 610 546
203 381 229 673 0 1252
152 325 114 457 0 1811
152 325 114 1219 0 1958
152 114 325 673 0 2364
325 152 114 609 0 2250
152 114 325 1214 0 927
114 152 325 1219 0 1481
152 325 114 673 0 2689
152 114 325 673 610 0
325 114 152 1219 0 1806
325 114 152 889 114 1041
325 152 114 889 0 483
325 114 152 889 0 775
325 114 152 1219 0 2072
114 325 152 229 0 1481
325 114 152 889 0 927
114 152 325 0 0 1925
152 325 114 902 0 0
325 152 114 889 114 927
114 325 152 889 457 597
152 325 114 0 0 1029
3 8 11 13 15 17 10 7 36 19 1 23 16 24 20 30 5 9 4 26 2 34 32 6 14 22 27 35 31 29 21 25 12 18 33 28 
8 7 13 1 2 24 6 5 4 33 27 12 35 28 21 31 34 26 9 16 14 36 30 22 25 18 10 11 17 32 29 15 20 19 3 23 
19 16 33 21 22 2 27 25 23 24 12 35 7 20 31 29 26 18 8 13 6 34 28 17 14 10 5 4 30 9 36 1 11 32 15 3 
36
229 610 483 0 0 546
229 610 483 673 0 0
610 229 483 0 533 0
610 483 229 229 0 775
660 406 229 229 406 546
660 406 229 229 0 546
216 533 457 457 0 0
457 533 216 0 0 0
533 178 356 229 483 775
356 533 178 889 114 927
457 165 330 0 165 216
330 457 165 889 0 597
457 165 330 0 0 216
330 457 165 889 0 1481
203 229 381 0 610 546
203 381 229 673 0 1252
152 325 114 457 0 1747
152 325 114 1219 0 1958
152 114 325 673 0 2338
325 152 114 609 0 2224
152 114 325 1214 0 927
114 152 325 1219 0 1481
152 325 114 673 0 2663
152 114 325 673 610 0
325 114 152 1245 0 1806
325 114 152 889 647 1041
325 152 114 889 647 927
325 114 152 889 0 775
325 114 152 1219 0 2072
114 325 152 229 0 1481
325 152 114 0 0 1633
114 152 325 0 0 1861
152 325 114 902 0 0
325 152 114 889 0 483
114 325 152 889 457 597
152 325 114 0 0 1029
3 8 11 13 15 17 31 7 36 19 1 23 16 24 20 30 5 9 4 26 2 27 32 6 14 22 34 35 10 29 21 25 12 18 33 28 
8 7 13 1 2 24 6 5 4 33 34 12 35 28 21 10 27 26 9 16 14 36 30 22 25 18 31 11 17 32 29 15 20 19 3 23 
19 16 33 21 22 2 34 25 23 24 12 35 7 20 10 29 26 18 8 13 6 27 28 17 14 31 5 4 30 9 36 1 11 32 15 3 
