36
229 610 483 533 0 0
229 610 483 477 0 483
483 610 229 0 178 216
229 610 483 216 0 559
660 406 229 445 330 724
660 406 229 1105 0 1486
533 457 216 0 178 0
216 457 533 0 381 559
356 178 533 325 0 1867
533 178 356 0 0 0
457 330 165 0 0 674
330 457 165 445 330 559
457 330 165 0 0 839
457 330 165 533 152 2897
381 203 229 445 610 953
203 381 229 0 0 445
152 325 114 681 0 3214
114 325 152 541 0 3062
114 325 152 681 0 2631
152 114 325 681 0 1867
325 114 152 826 0 1715
325 152 114 0 381 445
325 152 114 216 0 2517
325 152 114 681 0 2783
114 152 325 681 0 2192
325 152 114 681 0 3653
325 114 152 325 0 1182
325 152 114 0 0 1182
325 152 114 0 533 445
325 152 114 533 0 2897
325 114 152 445 0 1334
152 325 114 1765 0 2517
114 325 152 216 0 3767
152 325 114 325 0 445
152 114 325 990 0 3328
152 325 114 216 0 3328
8 36 7 14 33 30 23 35 3 18 4 15 28 12 31 21 29 5 9 13 22 26 27 20 34 16 17 10 11 19 1 24 6 32 25 2 
10 7 3 16 11 22 1 34 13 2 29 8 4 12 5 15 28 27 31 6 21 9 20 25 23 19 24 30 14 18 32 17 36 35 26 33 
32 1 35 30 14 36 10 7 3 2 16 21 13 18 11 12 15 31 33 6 5 23 20 19 26 25 4 34 8 22 17 27 24 9 28 29 
36
229 610 483 533 0 0
229 610 483 477 0 483
483 610 229 0 178 216
229 610 483 216 0 559
660 406 229 445 330 724
660 406 229 1105 0 1486
533 457 216 0 178 0
216 457 533 0 381 559
356 178 533 325 0 1867
533 178 356 0 0 0
457 330 165 0 0 674
330 457 165 445 330 559
457 330 165 0 0 839
457 330 165 533 152 2897
381 203 229 445 610 953
203 381 229 0 0 445
325 152 114 216 0 3214
114 325 152 541 0 3062
114 325 152 681 0 2631
152 114 325 681 0 1867
325 114 152 826 0 1715
325 152 114 0 381 445
325 152 114 216 0 2517
325 152 114 681 0 2783
114 152 325 681 0 2192
325 152 114 681 0 3767
325 114 152 325 0 1182
325 152 114 0 0 1182
325 152 114 0 533 445
325 152 114 533 0 2897
325 114 152 445 0 1334
152 325 114 1765 0 2517
114 325 152 216 0 3881
152 325 114 325 0 445
152 114 325 990 0 3442
325 152 114 681 0 3328
8 17 7 14 33 30 23 35 3 18 4 15 28 12 31 21 29 5 9 13 22 26 27 20 34 16 36 10 11 19 1 24 6 32 25 2 
10 7 3 16 11 22 1 34 13 2 29 8 4 12 5 15 28 27 31 6 21 9 20 25 23 19 24 30 14 18 32 17 36 35 26 33 
32 1 35 30 14 17 10 7 3 2 16 21 13 18 11 12 15 31 33 6 5 23 20 19 26 25 4 34 8 22 36 27 24 9 28 29 
36
229 610 483 533 0 0
229 610 483 477 0 483
483 610 229 0 178 216
229 610 483 216 0 559
660 406 229 445 330 724
660 406 229 1105 0 1486
533 457 216 0 178 0
216 457 533 0 381 559
356 178 533 325 0 2040
533 178 356 0 0 0
457 330 165 0 0 674
330 457 165 445 330 559
457 330 165 0 0 839
457 330 165 533 152 3070
381 203 229 445 610 953
203 381 229 0 0 445
152 325 114 681 0 3387
114 325 152 541 0 3235
114 325 152 681 0 2804
152 114 325 681 0 2040
325 114 152 990 0 3501
325 152 114 0 381 445
325 152 114 216 0 2690
325 152 114 681 0 2956
114 152 325 681 0 2365
325 152 114 681 0 3653
325 114 152 325 0 1182
325 152 114 0 0 1182
325 152 114 0 533 445
325 152 114 533 0 3070
325 114 152 445 0 1334
152 325 114 1765 0 2690
114 325 152 216 0 3767
152 325 114 325 0 445
152 114 325 216 0 1715
152 325 114 216 0 3501
8 36 7 14 33 30 23 35 3 18 4 15 28 12 31 21 29 5 9 13 22 26 27 20 34 16 17 10 11 19 1 24 6 32 25 2 
10 7 3 16 11 22 1 34 13 2 29 8 4 12 5 15 28 27 31 6 35 9 20 25 23 19 24 30 14 18 32 17 36 21 26 33 
32 1 21 30 14 36 10 7 3 2 16 35 13 18 11 12 15 31 33 6 5 23 20 19 26 25 4 34 8 22 17 27 24 9 28 29 
36
229 610 483 533 0 0
229 610 483 477 0 483
483 610 229 0 178 216
229 610 483 216 0 559
660 406 229 445 330 724
660 406 229 1105 0 1486
533 457 216 0 178 0
216 457 533 0 381 559
356 178 533 325 0 1867
533 178 356 0 0 0
457 330 165 0 0 674
330 457 165 445 330 559
457 330 165 0 0 839
457 330 165 533 152 3070
381 203 229 445 610 953
203 381 229 0 0 445
152 325 114 681 0 3387
114 325 152 541 0 3235
114 325 152 681 0 3826
152 114 325 681 0 1867
325 114 152 826 0 1715
325 152 114 0 381 445
325 152 114 216 0 2517
325 152 114 681 0 2956
114 152 325 681 0 2192
152 114 325 681 0 2631
325 114 152 325 0 1182
325 152 114 0 0 1182
325 152 114 0 533 445
325 152 114 533 0 3070
325 114 152 445 0 1334
152 325 114 1765 0 2517
114 325 152 216 0 3978
152 325 114 325 0 445
152 114 325 990 0 3501
152 325 114 216 0 3501
8 36 7 14 33 30 23 35 3 18 4 15 28 12 31 21 29 5 9 13 22 19 27 20 34 16 17 10 11 26 1 24 6 32 25 2 
10 7 3 16 11 22 1 34 13 2 29 8 4 12 5 15 28 27 31 6 21 9 20 25 23 26 24 30 14 18 32 17 36 35 19 33 
32 1 35 30 14 36 10 7 3 2 16 21 13 18 11 12 15 31 33 6 5 23 20 19 26 25 4 34 8 22 17 27 24 9 28 29 
36
229 610 483 533 0 0
229 610 483 477 0 483
483 610 229 0 178 216
229 610 483 216 0 559
660 406 229 445 330 724
660 406 229 1105 0 1507
533 457 216 0 178 0
216 457 533 0 381 559
356 178 533 325 0 1888
533 178 356 0 0 0
457 330 165 0 0 674
330 457 165 445 330 559
457 330 165 0 0 839
457 330 165 533 152 2918
381 203 229 445 610 953
203 381 229 0 0 445
152 325 114 681 0 3235
114 325 152 541 0 3083
114 325 152 681 0 2652
152 114 325 681 0 1888
325 114 152 826 0 1736
325 152 114 0 381 445
325 152 114 216 0 2538
325 152 114 681 0 2804
114 152 325 681 0 2213
325 152 114 681 0 3674
325 114 152 325 0 1507
114 152 325 445 0 1182
325 152 114 0 533 445
325 152 114 533 0 2918
325 114 152 0 0 1182
152 325 114 1765 0 2538
114 325 152 216 0 3788
152 325 114 325 0 445
152 114 325 990 0 3349
152 325 114 216 0 3349
8 36 7 14 33 30 23 35 3 18 4 15 31 12 28 21 29 5 9 13 22 26 27 20 34 16 17 10 11 19 1 24 6 32 25 2 
10 7 3 16 11 22 1 34 13 2 29 8 4 12 5 15 28 27 31 6 21 9 20 25 23 19 24 30 14 18 32 17 36 35 26 33 
32 1 35 30 14 36 10 7 3 2 16 21 13 18 11 12 15 28 33 6 5 23 20 19 26 25 4 34 8 22 17 27 24 9 31 29 
36
229 610 483 533 0 0
229 610 483 477 0 483
483 610 229 0 178 216
229 610 483 216 0 559
660 406 229 445 330 724
660 406 229 1105 0 1486
533 457 216 0 178 0
216 457 533 0 381 559
356 178 533 325 0 1867
533 178 356 0 0 0
457 330 165 0 0 674
330 457 165 445 330 559
457 330 165 0 0 839
457 330 165 533 152 2745
381 203 229 445 610 953
203 381 229 0 0 445
152 325 114 681 0 3062
114 325 152 368 0 2910
152 325 114 216 0 2517
152 114 325 681 0 1867
325 114 152 826 0 1715
325 152 114 0 381 445
325 152 114 833 0 2517
325 152 114 681 0 2631
114 152 325 681 0 2192
325 152 114 681 0 3501
325 114 152 325 0 1182
325 152 114 0 0 1182
325 152 114 0 533 445
325 152 114 533 0 2745
325 114 152 445 0 1334
152 325 114 1765 0 2517
114 325 152 216 0 3615
152 325 114 325 0 445
152 114 325 990 0 3176
152 325 114 216 0 3176
8 36 7 14 33 30 19 35 3 18 4 15 28 12 31 21 29 5 9 13 22 26 27 20 34 16 17 10 11 23 1 24 6 32 25 2 
10 7 3 16 11 22 1 34 13 2 29 8 4 12 5 15 28 27 31 6 21 9 20 25 23 19 24 30 14 18 32 17 36 35 26 33 
32 1 35 30 14 36 10 7 3 2 16 21 13 18 11 12 15 31 33 6 5 23 20 19 26 25 4 34 8 22 17 27 24 9 28 29 
36
229 610 483 533 0 0
229 610 483 477 0 483
483 610 229 0 178 216
229 610 483 216 0 559
660 406 229 445 330 724
660 406 229 1105 0 1486
533 457 216 0 178 0
216 457 533 0 381 559
356 178 533 325 0 1867
533 178 356 0 0 0
457 330 165 0 0 674
330 457 165 445 330 559
457 330 165 0 0 839
457 330 165 533 152 2897
381 203 229 445 610 953
203 381 229 0 0 445
152 325 114 681 0 3539
114 325 152 541 0 3062
114 325 152 681 0 2631
152 114 325 681 0 1867
325 114 152 826 0 1715
325 152 114 0 381 445
325 152 114 216 0 2517
325 152 114 681 0 2783
114 152 325 681 0 2192
325 152 114 681 0 3767
325 114 152 325 0 1182
325 152 114 0 0 1182
325 152 114 0 533 445
325 152 114 533 0 2897
325 114 152 445 0 1334
152 114 325 990 0 3214
114 325 152 216 0 3881
152 325 114 325 0 445
152 114 325 1765 0 2517
152 325 114 216 0 3653
8 36 7 14 33 30 23 32 3 18 4 15 28 12 31 21 29 5 9 13 22 26 27 20 34 16 17 10 11 19 1 24 6 35 25 2 
10 7 3 16 11 22 1 34 13 2 29 8 4 12 5 15 28 27 31 6 21 9 20 25 23 19 24 30 14 18 32 17 36 35 26 33 
35 1 32 30 14 36 10 7 3 2 16 21 13 18 11 12 15 31 33 6 5 23 20 19 26 25 4 34 8 22 17 27 24 9 28 29 
36
229 610 483 533 0 0
229 610 483 477 0 483
483 610 229 0 178 216
229 610 483 216 0 559
660 406 229 445 330 724
660 406 229 1105 0 1486
533 457 216 0 178 0
216 457 533 0 381 559
356 178 533 325 0 1867
533 178 356 0 0 0
457 330 165 0 0 674
330 457 165 445 330 559
457 330 165 0 0 839
457 330 165 533 152 2897
381 203 229 445 610 953
203 381 229 0 0 445
152 325 114 681 0 3214
114 325 152 368 0 3062
114 325 152 681 0 2631
152 114 325 681 0 1867
325 114 152 826 0 1715
325 152 114 0 381 445
152 325 114 216 0 2517
325 152 114 681 0 2783
114 152 325 681 0 2192
325 152 114 681 0 3653
325 114 152 325 0 1182
325 152 114 0 0 1182
325 152 114 0 533 445
325 152 114 533 0 2897
325 114 152 445 0 1334
152 325 114 1765 0 2517
152 325 114 368 0 3767
152 325 114 325 0 445
152 114 325 990 0 3328
152 325 114 216 0 3328
8 36 7 14 23 30 33 35 3 18 4 15 28 12 31 21 29 5 9 13 22 26 27 20 34 16 17 10 11 19 1 24 6 32 25 2 
10 7 3 16 11 22 1 34 13 2 29 8 4 12 5 15 28 27 31 6 21 9 20 25 23 19 24 30 14 18 32 17 36 35 26 33 
32 1 35 30 14 36 10 7 3 2 16 21 13 18 11 12 15 31 33 6 5 23 20 19 26 25 4 34 8 22 17 27 24 9 28 29 
36
229 610 483 533 0 0
229 610 483 477 0 483
483 610 229 0 178 216
229 610 483 216 0 559
660 406 229 445 330 724
660 406 229 1105 0 1182
533 457 216 0 178 0
216 457 533 0 381 559
356 178 533 325 0 1563
533 178 356 0 0 0
457 330 165 0 0 674
330 457 165 445 330 559
457 330 165 0 0 839
457 330 165 533 152 2804
381 203 229 445 610 953
203 381 229 0 0 445
152 325 114 681 0 3121
114 325 152 330 0 2969
114 325 152 681 0 2538
152 114 325 681 0 1563
325 114 152 826 0 1411
325 152 114 0 381 445
325 114 152 445 0 1334
325 152 114 681 0 2690
114 152 325 681 0 1888
325 152 114 681 0 3560
325 114 152 325 0 1182
325 152 114 0 0 1182
325 152 114 0 533 445
325 152 114 533 0 2804
114 152 325 216 0 2213
152 325 114 1765 0 2213
114 325 152 216 0 3674
152 325 114 325 0 445
152 114 325 990 0 3235
152 325 114 216 0 3235
8 36 7 14 33 30 31 35 3 18 4 15 28 12 23 21 29 5 9 13 22 26 27 20 34 16 17 10 11 19 1 24 6 32 25 2 
10 7 3 16 11 22 1 34 13 2 29 8 4 12 5 15 28 27 23 6 21 9 20 25 31 19 24 30 14 18 32 17 36 35 26 33 
32 1 35 30 14 36 10 7 3 2 16 21 13 18 11 12 15 31 33 6 5 23 20 19 26 25 4 34 8 22 17 27 24 9 28 29 
36
229 610 483 533 0 0
229 610 483 477 0 483
483 610 229 0 178 216
229 610 483 216 0 559
660 406 229 445 330 724
660 406 229 1105 0 1486
533 457 216 0 178 0
216 457 533 0 381 559
356 178 533 325 0 1867
533 178 356 0 0 0
457 330 165 0 0 674
330 457 165 445 330 559
457 330 165 0 0 839
457 330 165 533 152 2897
381 203 229 445 610 953
203 381 229 0 0 445
152 325 114 681 0 3214
114 325 152 541 0 3062
114 325 152 445 0 1182
152 114 325 681 0 1867
325 114 152 826 0 1715
325 152 114 0 381 445
325 152 114 216 0 2517
325 152 114 681 0 2783
114 152 325 681 0 2192
325 152 114 681 0 3653
325 114 152 681 0 2631
325 152 114 0 0 1182
325 152 114 0 533 445
325 152 114 533 0 2897
325 114 152 445 0 1334
152 325 114 1765 0 2517
114 325 152 216 0 3767
152 325 114 325 0 445
152 114 325 990 0 3328
152 325 114 216 0 3328
8 36 7 14 33 30 23 35 3 18 4 15 28 12 31 21 29 5 9 13 22 26 19 20 34 16 17 10 11 27 1 24 6 32 25 2 
10 7 3 16 11 22 1 34 13 2 29 8 4 12 5 15 28 19 31 6 21 9 20 25 23 27 24 30 14 18 32 17 36 35 26 33 
32 1 35 30 14 36 10 7 3 2 16 21 13 18 11 12 15 31 33 6 5 23 20 19 26 25 4 34 8 22 17 27 24 9 28 29 
36
229 610 483 533 0 0
229 610 483 477 0 483
483 610 229 0 178 216
229 610 483 216 0 559
660 406 229 445 330 724
660 406 229 1105 0 1486
533 457 216 0 178 0
216 457 533 0 381 559
356 178 533 325 0 1867
533 178 356 0 0 0
457 330 165 0 0 674
330 457 165 445 330 559
457 330 165 0 0 839
457 330 165 533 152 2897
381 203 229 445 610 953
203 381 229 0 0 445
152 114 325 990 0 3214
114 325 152 541 0 3062
114 325 152 681 0 2631
152 114 325 681 0 1867
325 114 152 826 0 1715
325 152 114 0 381 445
325 152 114 216 0 2517
325 152 114 681 0 2783
114 152 325 681 0 2192
325 152 114 681 0 3691
325 114 152 325 0 1182
325 152 114 0 0 1182
325 152 114 0 533 445
325 152 114 533 0 2897
325 114 152 445 0 1334
152 325 114 1765 0 2517
114 325 152 216 0 3805
152 325 114 325 0 445
114 325 152 681 0 3539
152 325 114 216 0 3214
8 36 7 14 33 30 23 17 3 18 4 15 28 12 31 21 29 5 9 13 22 26 27 20 34 16 35 10 11 19 1 24 6 32 25 2 
10 7 3 16 11 22 1 34 13 2 29 8 4 12 5 15 28 27 31 6 21 9 20 25 23 19 24 30 14 18 32 17 36 35 26 33 
32 1 17 30 14 36 10 7 3 2 16 21 13 18 11 12 15 31 33 6 5 23 20 19 26 25 4 34 8 22 35 27 24 9 28 29 
36
229 610 483 533 0 0
229 610 483 477 0 483
483 610 229 0 178 216
229 610 483 216 0 559
660 406 229 445 330 724
660 406 229 1105 0 1182
533 457 216 0 178 0
216 457 533 0 381 559
356 178 533 325 0 1563
533 178 356 0 0 0
457 330 165 0 0 674
330 457 165 445 330 559
457 330 165 0 0 839
457 330 165 533 152 3126
381 203 229 445 610 953
203 381 229 0 0 445
152 325 114 681 0 3443
114 325 152 541 0 3291
114 325 152 681 0 2860
152 114 325 445 0 2096
325 114 152 826 0 1411
325 152 114 0 381 445
325 152 114 216 0 2746
325 152 114 681 0 3012
114 152 325 681 0 2421
325 152 114 681 0 3882
325 114 152 325 0 1182
325 152 114 0 0 1182
325 152 114 0 533 445
325 152 114 533 0 3126
325 114 152 650 0 1182
152 325 114 1765 0 2746
114 325 152 216 0 3996
152 325 114 325 0 445
152 114 325 990 0 3557
152 325 114 216 0 3557
8 36 7 14 33 30 23 35 3 18 4 15 28 12 20 21 29 5 9 13 22 26 27 31 34 16 17 10 11 19 1 24 6 32 25 2 
10 7 3 16 11 22 1 34 13 2 29 8 4 12 5 15 28 27 31 6 21 9 20 25 23 19 24 30 14 18 32 17 36 35 26 33 
32 1 35 30 14 36 10 7 3 2 16 21 13 18 11 12 15 20 33 6 5 23 31 19 26 25 4 34 8 22 17 27 24 9 28 29 
36
229 610 483 533 0 0
229 610 483 477 0 483
483 610 229 0 178 216
229 610 483 216 0 559
660 406 229 445 330 724
660 406 229 1105 0 1486
533 457 216 0 178 0
216 457 533 0 381 559
356 178 533 325 0 1867
533 178 356 0 0 0
457 330 165 0 0 674
330 457 165 445 330 559
457 330 165 0 0 839
457 330 165 533 152 3143
381 203 229 445 610 953
203 381 229 0 0 445
152 325 114 681 0 3460
114 325 152 368 0 3308
114 325 152 681 0 2877
152 114 325 681 0 1867
325 114 152 826 0 1715
325 152 114 0 381 445
325 114 152 681 0 2725
325 152 114 681 0 3029
152 114 325 216 0 2400
325 152 114 681 0 3899
325 114 152 325 0 1182
325 152 114 0 0 1182
325 152 114 0 533 445
325 152 114 533 0 3143
325 114 152 445 0 1334
152 325 114 1765 0 2877
114 325 152 216 0 4013
152 325 114 325 0 445
152 114 325 990 0 3574
152 325 114 216 0 3574
8 36 7 14 33 30 25 35 3 18 4 15 28 12 31 21 29 5 9 13 22 26 27 20 34 16 17 10 11 19 1 24 6 32 23 2 
10 7 3 16 11 22 1 34 13 2 29 8 4 12 5 15 28 27 31 6 21 9 20 25 23 19 24 30 14 18 32 17 36 35 26 33 
32 1 35 30 14 36 10 7 3 2 16 21 13 18 11 12 15 31 33 6 5 25 20 19 26 23 4 34 8 22 17 27 24 9 28 29 
36
229 610 483 533 0 0
229 610 483 477 0 483
483 610 229 0 178 216
229 610 483 216 0 559
660 406 229 445 330 724
660 406 229 1105 0 1659
533 457 216 0 178 0
216 457 533 0 381 559
356 178 533 325 0 2040
533 178 356 0 0 0
457 330 165 0 0 674
330 457 165 445 330 559
457 330 165 0 0 839
457 330 165 533 152 2953
381 203 229 445 610 953
203 381 229 0 0 445
152 325 114 681 0 3270
114 325 152 541 0 3118
114 325 152 681 0 2687
152 114 325 445 0 1182
325 114 152 826 0 1888
325 152 114 0 381 445
325 152 114 216 0 2573
325 152 114 681 0 2839
114 152 325 681 0 2040
325 152 114 681 0 3709
325 114 152 325 114 1182
325 152 114 0 0 1182
325 152 114 0 533 445
325 152 114 533 0 2953
325 114 152 445 0 1507
152 325 114 1765 0 2365
114 325 152 216 0 3823
152 325 114 325 0 445
152 114 325 990 0 3384
152 325 114 216 0 3384
8 36 7 14 33 30 23 35 3 18 4 15 28 12 31 21 29 5 9 13 22 26 27 20 34 16 17 10 11 19 1 24 6 32 25 2 
10 7 3 16 11 22 1 34 13 2 29 8 4 12 5 15 20 27 31 6 21 9 28 25 23 19 24 30 14 18 32 17 36 35 26 33 
32 1 35 30 14 36 10 7 3 2 16 21 13 18 11 12 15 31 33 6 5 23 20 19 26 25 4 34 8 22 17 27 24 9 28 29 
36
229 610 483 533 0 0
229 610 483 477 0 483
483 610 229 0 178 216
229 610 483 216 0 559
660 406 229 445 330 724
660 406 229 681 0 2288
533 457 216 0 178 0
216 457 533 0 381 559
356 178 533 325 0 1963
533 178 356 0 0 0
457 330 165 0 0 674
330 457 165 445 330 559
457 330 165 0 0 839
457 330 165 533 152 2897
381 203 229 445 610 953
203 381 229 0 0 445
152 325 114 681 0 3214
114 325 152 541 0 3062
114 325 152 681 0 2631
152 114 325 681 0 1963
325 114 152 826 0 1811
325 152 114 0 381 445
325 152 114 216 0 2517
325 152 114 681 0 2783
114 152 325 1105 0 1486
325 152 114 681 0 3653
325 114 152 325 0 1182
325 152 114 0 0 1182
325 152 114 0 533 445
325 152 114 533 0 2897
325 114 152 445 0 1334
152 325 114 1219 0 2517
114 325 152 216 0 3767
152 325 114 325 0 445
152 114 325 990 0 3328
152 325 114 216 0 3328
8 36 7 14 33 30 23 35 3 18 4 15 28 12 31 21 29 5 9 13 22 26 27 20 34 16 17 10 11 19 1 24 25 32 6 2 
10 7 3 16 11 22 1 34 13 2 29 8 4 12 5 15 28 27 31 25 21 9 20 6 23 19 24 30 14 18 32 17 36 35 26 33 
32 1 35 30 14 36 10 7 3 2 16 21 13 18 11 12 15 31 33 25 5 23 20 19 26 6 4 34 8 22 17 27 24 9 28 29 
36
229 610 483 533 0 0
229 610 483 477 0 483
483 610 229 0 178 216
229 610 483 216 0 559
660 406 229 445 330 724
660 406 229 1105 0 1486
533 457 216 0 178 0
216 457 533 0 381 559
356 178 533 325 0 2040
533 178 356 0 0 0
457 330 165 0 0 674
330 457 165 445 330 559
457 330 165 0 0 839
457 330 165 533 152 3070
381 203 229 445 610 953
203 381 229 0 0 445
152 325 114 681 0 3387
114 325 152 541 0 3235
114 325 152 681 0 2804
152 114 325 681 0 2040
325 114 152 541 0 3615
325 152 114 0 381 445
325 152 114 216 0 2690
325 152 114 681 0 2956
114 152 325 681 0 2365
325 152 114 681 0 3767
325 114 152 325 0 1182
325 152 114 0 0 1182
325 152 114 0 533 445
325 152 114 533 0 3070
325 114 152 445 0 1334
152 325 114 1765 0 2690
114 325 152 216 0 3881
152 325 114 325 0 445
152 114 325 826 0 1715
152 325 114 216 0 3501
8 36 7 14 33 30 23 21 3 18 4 15 28 12 31 35 29 5 9 13 22 26 27 20 34 16 17 10 11 19 1 24 6 32 25 2 
10 7 3 16 11 22 1 34 13 2 29 8 4 12 5 15 28 27 31 6 35 9 20 25 23 19 24 30 14 18 32 17 36 21 26 33 
32 1 35 30 14 36 10 7 3 2 16 21 13 18 11 12 15 31 33 6 5 23 20 19 26 25 4 34 8 22 17 27 24 9 28 29 
36
229 610 483 533 0 0
229 610 483 477 0 483
483 610 229 0 178 216
229 610 483 216 0 559
660 406 229 445 330 724
660 406 229 1105 0 1486
533 457 216 0 178 0
216 457 533 0 381 559
356 178 533 325 0 1867
533 178 356 0 0 0
457 330 165 0 0 674
330 457 165 445 330 559
457 330 165 0 0 839
457 330 165 533 152 2897
381 203 229 445 610 953
203 381 229 0 0 445
152 325 114 681 0 3653
114 325 152 541 0 3062
114 325 152 681 0 2631
152 114 325 681 0 1867
325 114 152 826 0 1715
325 152 114 0 381 445
325 152 114 216 0 2517
325 152 114 681 0 2783
114 152 325 681 0 2192
325 152 114 681 0 3214
325 114 152 325 0 1182
325 152 114 0 0 1182
325 152 114 0 533 445
325 152 114 533 0 2897
325 114 152 445 0 1334
152 325 114 1765 0 2517
114 325 152 216 0 3767
152 325 114 325 0 445
152 114 325 990 0 3328
152 325 114 216 0 3328
8 36 7 14 33 30 23 35 3 18 4 15 28 12 31 21 29 5 9 13 22 26 27 20 34 16 17 10 11 19 1 24 6 32 25 2 
10 7 3 16 11 22 1 34 13 2 29 8 4 12 5 15 28 27 31 6 21 9 20 25 23 19 24 30 14 18 32 26 36 35 17 33 
32 1 35 30 14 36 10 7 3 2 16 21 13 18 11 12 15 31 33 6 5 23 20 19 26 25 4 34 8 22 17 27 24 9 28 29 
36
229 610 483 533 0 0
229 610 483 477 0 483
483 610 229 0 178 216
229 610 483 216 0 559
660 406 229 445 330 724
660 406 229 1105 0 1486
533 457 216 0 178 0
216 457 533 0 381 559
356 178 533 325 0 1867
533 178 356 0 0 0
457 330 165 0 0 674
330 457 165 445 330 559
457 330 165 0 0 839
457 330 165 533 0 3011
381 203 229 445 610 953
203 381 229 0 0 445
152 325 114 681 0 3328
114 325 152 541 0 3176
114 325 152 681 0 2631
152 114 325 681 0 1867
325 114 152 826 0 1715
325 152 114 0 381 445
325 152 114 216 0 2517
325 152 114 681 0 2783
114 152 325 681 0 2192
325 152 114 681 0 3767
325 114 152 325 0 1182
325 152 114 0 0 1182
325 152 114 0 533 445
325 152 114 216 0 2897
325 114 152 445 0 1334
152 325 114 1765 0 2517
114 325 152 216 0 3881
152 325 114 325 0 445
152 114 325 990 0 3442
152 325 114 533 0 3442
8 30 7 14 33 36 23 35 3 18 4 15 28 12 31 21 29 5 9 13 22 26 27 20 34 16 17 10 11 19 1 24 6 32 25 2 
10 7 3 16 11 22 1 34 13 2 29 8 4 12 5 15 28 27 31 6 21 9 20 25 23 19 24 30 14 18 32 17 36 35 26 33 
32 1 35 30 14 36 10 7 3 2 16 21 13 18 11 12 15 31 33 6 5 23 20 19 26 25 4 34 8 22 17 27 24 9 28 29 
36
229 610 483 533 0 0
229 610 483 477 0 483
483 610 229 0 178 216
229 610 483 216 0 559
660 406 229 445 330 724
660 406 229 1105 0 1659
533 457 216 0 178 0
216 457 533 0 381 559
356 178 533 325 0 2040
533 178 356 0 0 0
457 330 165 0 0 674
330 457 165 445 330 559
457 330 165 0 0 839
457 330 165 533 152 2953
381 203 229 445 610 953
203 381 229 0 0 445
152 325 114 795 0 3270
114 325 152 541 0 3118
114 325 152 795 0 2687
152 114 325 681 0 2040
325 114 152 826 0 1888
325 152 114 0 381 445
325 152 114 216 0 2573
325 152 114 681 0 2839
114 325 152 681 114 2040
325 152 114 681 0 3709
152 114 325 477 0 1182
325 152 114 0 0 1182
325 152 114 0 533 445
325 152 114 533 0 2953
325 114 152 445 0 1507
152 325 114 1765 0 1507
114 325 152 216 0 3823
152 325 114 325 0 445
152 114 325 990 0 3384
152 325 114 216 0 3384
8 36 7 14 33 30 23 35 3 18 4 15 28 12 31 21 29 5 9 13 22 26 25 20 34 16 17 10 11 19 1 24 6 32 27 2 
10 7 3 16 11 22 1 34 13 2 29 8 4 12 5 15 28 27 31 6 21 9 20 25 23 19 24 30 14 18 32 17 36 35 26 33 
32 1 35 30 14 36 10 7 3 2 16 21 13 18 11 12 15 31 33 6 5 23 20 19 26 27 4 34 8 22 17 25 24 9 28 29 
36
229 610 483 533 0 0
229 610 483 477 0 483
483 610 229 0 178 216
229 610 483 216 0 559
660 406 229 445 330 724
660 406 229 1105 0 1486
533 457 216 0 178 0
216 457 533 0 381 559
356 178 533 325 0 1867
533 178 356 0 0 0
457 330 165 0 0 674
330 457 165 445 330 559
457 330 165 0 0 839
457 330 165 533 152 2783
381 203 229 445 610 953
203 381 229 0 0 445
152 325 114 681 0 3100
114 325 152 541 0 2948
114 325 152 1105 0 3539
152 114 325 681 0 1867
325 114 152 826 0 1715
325 152 114 0 381 445
325 152 114 216 0 2517
325 152 114 681 0 2669
114 152 325 681 0 2192
325 152 114 681 0 3539
325 114 152 325 0 1182
325 152 114 0 0 1182
325 152 114 0 533 445
325 152 114 533 0 2783
325 114 152 445 0 1334
152 325 114 1765 0 2517
114 325 152 216 152 2517
152 325 114 325 0 445
152 114 325 990 0 3214
152 325 114 216 0 3214
8 36 7 14 33 30 23 35 3 18 4 15 28 12 31 21 29 5 9 13 22 26 27 20 34 16 17 10 11 19 1 24 6 32 25 2 
10 7 3 16 11 22 1 34 13 2 29 8 4 12 5 15 28 27 31 6 21 9 20 25 23 33 24 30 14 18 32 17 36 35 26 19 
32 1 35 30 14 36 10 7 3 2 16 21 13 18 11 12 15 31 19 6 5 23 20 33 26 25 4 34 8 22 17 27 24 9 28 29 
