36
229 483 610 229 203 407
483 610 229 0 165 178
229 483 610 0 406 407
229 483 610 483 178 406
229 406 660 0 0 407
229 660 406 483 178 0
457 533 216 458 178 788
457 533 216 458 0 572
356 178 533 483 0 330
356 533 178 0 165 0
457 330 165 477 444 407
457 330 165 458 0 407
457 165 330 0 0 0
457 165 330 483 0 0
229 203 381 229 0 407
229 203 381 229 0 788
152 325 114 934 0 1473
325 114 152 483 0 1169
114 152 325 934 0 1587
152 325 114 934 152 1739
152 114 325 325 686 407
325 152 114 483 114 1169
325 152 114 477 533 572
114 325 152 325 686 732
114 152 325 1086 0 1912
325 114 152 1238 0 2237
325 152 114 483 0 863
152 114 325 477 661 686
114 325 152 0 0 1587
325 152 114 483 0 1016
325 114 152 458 330 407
325 152 114 0 406 1017
152 114 325 1086 0 2237
114 152 325 934 0 2562
114 325 152 934 0 1321
114 325 152 934 0 1169
29 3 32 24 21 5 23 11 28 1 31 15 7 16 20 10 8 12 19 33 2 22 34 4 30 35 13 27 17 26 6 9 25 18 14 36 
13 10 2 5 14 9 6 15 27 4 16 3 1 30 12 8 18 32 7 31 21 11 23 24 36 35 17 28 22 29 19 20 25 33 34 26 
27 9 4 14 30 19 26 8 12 33 15 16 36 35 6 29 20 18 7 31 34 25 1 23 13 17 11 28 5 24 10 21 22 3 2 32 
36
229 483 610 229 203 407
483 610 229 0 165 178
229 483 610 0 406 407
229 483 610 483 178 406
229 406 660 0 0 407
229 660 406 483 178 0
457 533 216 458 178 788
457 533 216 458 0 572
356 178 533 483 0 330
356 533 178 0 165 0
457 330 165 477 444 407
457 330 165 458 0 407
457 165 330 0 0 0
457 165 330 483 0 0
229 203 381 229 0 407
229 203 381 229 0 788
152 325 114 934 0 1473
325 114 152 483 0 1169
114 152 325 934 0 1587
152 325 114 934 152 1739
152 114 325 325 686 407
114 152 325 1086 0 2237
325 152 114 477 533 572
114 325 152 325 686 732
114 152 325 1086 0 1912
325 114 152 1200 0 2237
325 152 114 483 0 863
152 114 325 477 661 686
114 325 152 0 0 1587
325 152 114 483 0 1016
325 114 152 458 330 407
325 152 114 0 406 1017
325 114 152 325 114 1169
114 152 325 934 0 2562
114 325 152 934 0 1321
114 325 152 934 0 1169
29 3 32 24 21 5 23 11 28 1 31 15 7 16 20 10 8 12 19 33 2 22 34 4 30 35 13 27 17 26 6 9 25 18 14 36 
13 10 2 5 14 9 6 15 27 4 16 3 1 30 12 8 18 32 7 31 21 11 23 24 36 35 17 28 33 29 19 20 25 22 34 26 
27 9 4 14 30 19 26 8 12 22 15 16 36 35 6 29 20 18 7 31 34 25 1 23 13 17 11 28 5 24 10 21 33 3 2 32 
36
229 483 610 229 203 407
483 610 229 0 165 178
229 483 610 0 406 407
229 483 610 483 178 406
229 406 660 0 0 407
229 660 406 483 178 0
457 533 216 458 178 788
457 533 216 458 0 572
356 178 533 483 0 330
356 533 178 0 165 0
457 330 165 477 444 407
457 330 165 458 0 407
457 165 330 0 0 0
457 165 330 483 0 0
229 203 381 229 0 407
229 203 381 229 0 788
152 325 114 1238 0 2448
325 114 152 483 0 1169
114 152 325 934 0 1798
152 325 114 934 152 1950
152 114 325 325 686 407
325 152 114 483 114 1169
325 152 114 477 533 572
114 325 152 325 686 732
114 152 325 1048 0 2123
114 152 325 934 0 1473
325 152 114 483 0 863
152 114 325 477 661 686
114 325 152 0 0 1798
325 152 114 483 0 1016
325 114 152 458 330 407
325 152 114 0 406 1017
152 114 325 1086 0 2448
114 152 325 934 0 2773
114 325 152 934 0 1321
114 325 152 934 0 1169
29 3 32 24 21 5 23 11 28 1 31 15 7 16 20 10 8 12 19 33 2 22 34 4 30 35 13 27 26 17 6 9 25 18 14 36 
13 10 2 5 14 9 6 15 27 4 16 3 1 30 12 8 18 32 7 31 21 11 23 24 36 35 26 28 22 29 19 20 25 33 34 17 
27 9 4 14 30 19 17 8 12 33 15 16 36 35 6 29 20 18 7 31 34 25 1 23 13 26 11 28 5 24 10 21 22 3 2 32 
36
229 483 610 229 203 407
483 610 229 0 165 178
229 483 610 0 406 407
229 483 610 483 178 406
229 406 660 0 0 407
229 660 406 483 178 0
457 533 216 458 178 788
457 533 216 458 0 572
356 178 533 483 0 330
356 533 178 0 165 0
457 330 165 477 444 407
457 330 165 458 0 407
457 165 330 0 0 0
457 165 330 483 0 0
229 203 381 229 0 407
229 203 381 229 0 788
152 325 114 934 0 1321
325 152 114 1086 0 1760
114 152 325 934 0 1435
325 152 114 458 0 1169
152 114 325 325 686 407
325 152 114 483 0 1283
325 152 114 477 533 572
114 325 152 325 686 732
114 152 325 1086 152 1760
325 114 152 1086 0 2085
325 152 114 483 0 863
152 114 325 477 661 686
114 325 152 0 0 1435
325 152 114 483 0 1016
325 114 152 458 330 407
325 152 114 0 406 1017
152 114 325 934 0 2085
114 152 325 934 0 2410
114 325 152 934 325 1169
114 325 152 934 0 1169
29 3 32 24 21 5 23 11 28 1 31 15 7 16 20 10 8 12 19 33 2 22 34 4 30 35 13 27 17 26 6 9 25 18 14 36 
13 10 2 5 14 9 6 15 27 4 16 3 1 30 12 8 20 32 7 31 21 11 23 24 36 35 17 28 22 29 19 18 25 33 34 26 
27 9 4 14 30 19 26 8 12 33 15 16 36 35 6 29 20 18 7 31 34 25 1 23 13 17 11 28 5 24 10 21 22 3 2 32 
36
229 483 610 229 203 407
483 610 229 0 165 178
229 483 610 0 406 407
229 483 610 483 178 406
229 406 660 0 0 407
229 660 406 483 178 0
457 533 216 458 178 788
457 533 216 458 0 572
356 178 533 483 0 330
356 533 178 0 165 0
457 330 165 477 444 407
457 330 165 458 0 407
457 165 330 0 0 0
457 165 330 483 0 0
229 203 381 229 0 407
229 203 381 229 0 788
152 325 114 934 0 1645
325 114 152 483 0 1341
114 152 325 483 0 1016
152 325 114 934 0 1911
152 114 325 325 686 407
325 152 114 483 152 1169
325 152 114 477 533 572
114 325 152 325 686 732
114 152 325 1086 0 2025
325 114 152 1238 0 2350
325 152 114 483 0 863
152 114 325 477 661 686
114 325 152 0 0 1759
325 152 114 934 0 1759
325 114 152 458 330 407
325 152 114 0 406 1017
152 114 325 1086 0 2350
114 152 325 934 0 2675
114 325 152 934 0 1493
114 325 152 934 0 1341
29 3 32 24 21 5 23 11 28 1 31 15 7 16 20 10 8 12 30 33 2 22 34 4 19 35 13 27 17 26 6 9 25 18 14 36 
13 10 2 5 14 9 6 15 27 4 16 3 1 19 12 8 18 32 7 31 21 11 23 24 36 35 17 28 22 29 30 20 25 33 34 26 
27 9 4 14 19 30 26 8 12 33 15 16 36 35 6 29 20 18 7 31 34 25 1 23 13 17 11 28 5 24 10 21 22 3 2 32 
36
229 483 610 229 203 407
483 610 229 0 165 178
229 483 610 0 406 407
229 483 610 483 178 406
229 406 660 0 0 407
229 660 406 483 178 0
457 533 216 458 178 788
457 533 216 458 0 572
356 178 533 483 0 330
356 533 178 0 165 0
457 330 165 477 444 407
457 330 165 458 0 407
457 165 330 0 0 0
457 165 330 483 0 0
229 203 381 229 0 407
229 203 381 229 0 788
152 325 114 934 0 1473
325 114 152 483 0 1169
114 152 325 934 0 1587
325 114 152 934 0 1321
152 114 325 325 686 407
325 152 114 483 114 1169
325 152 114 477 533 572
114 325 152 325 686 732
114 152 325 1086 0 2064
325 114 152 1259 0 2389
325 152 114 483 0 863
152 114 325 477 661 686
114 325 152 0 0 1587
325 152 114 483 0 1016
325 114 152 458 330 407
325 152 114 0 406 1017
152 114 325 1048 0 2389
114 152 325 934 0 2714
114 152 325 934 152 1739
114 325 152 934 0 1169
29 3 32 24 21 5 23 11 28 1 31 15 7 16 35 10 8 12 19 33 2 22 34 4 30 20 13 27 17 26 6 9 25 18 14 36 
13 10 2 5 14 9 6 15 27 4 16 3 1 30 12 8 18 32 7 31 21 11 23 24 36 20 17 28 22 29 19 35 25 33 34 26 
27 9 4 14 30 19 26 8 12 33 15 16 36 20 6 29 35 18 7 31 34 25 1 23 13 17 11 28 5 24 10 21 22 3 2 32 
36
229 483 610 229 203 407
483 610 229 0 165 178
229 483 610 0 406 407
229 483 610 483 178 406
229 406 660 0 0 407
229 660 406 483 178 0
457 533 216 458 178 788
457 533 216 458 0 572
356 178 533 483 0 330
356 533 178 0 165 0
457 330 165 477 444 407
457 330 165 458 0 407
457 165 330 0 0 0
457 165 330 483 0 0
229 203 381 229 0 407
229 203 381 229 0 788
152 325 114 934 152 1321
325 114 152 934 325 1587
114 152 325 915 0 1130
152 325 114 934 0 1739
152 114 325 325 686 407
325 152 114 483 0 1169
325 152 114 477 533 572
114 325 152 325 686 732
114 152 325 1086 0 1853
325 114 152 1411 0 2178
325 152 114 483 0 863
152 114 325 477 661 686
114 325 152 0 0 1435
325 152 114 483 0 1016
325 114 152 458 330 407
325 152 114 0 406 1017
152 114 325 1259 0 2178
114 152 325 934 0 2503
114 325 152 934 152 1169
114 325 152 934 0 1455
29 3 32 24 21 5 23 11 28 1 31 15 7 16 20 10 8 12 18 33 2 22 34 4 30 35 13 27 17 26 6 9 25 19 14 36 
13 10 2 5 14 9 6 15 27 4 16 3 1 30 12 8 19 32 7 31 21 11 23 24 36 35 17 28 22 29 18 20 25 33 34 26 
27 9 4 14 30 19 26 8 12 33 15 16 36 35 6 29 20 18 7 31 34 25 1 23 13 17 11 28 5 24 10 21 22 3 2 32 
36
229 483 610 229 203 407
483 610 229 0 165 178
229 483 610 0 406 407
229 483 610 483 178 406
229 406 660 0 0 407
229 660 406 483 178 0
457 533 216 458 178 788
457 533 216 458 0 572
356 178 533 483 0 330
356 533 178 0 165 0
457 330 165 477 444 407
457 330 165 458 0 407
457 165 330 0 0 0
457 165 330 483 0 0
229 203 381 229 0 407
229 203 381 229 0 788
152 325 114 934 0 1473
325 114 152 483 0 1169
114 152 325 1086 0 1321
152 325 114 934 0 2064
152 114 325 325 686 407
325 152 114 483 114 1169
325 152 114 477 533 572
114 325 152 325 686 732
114 152 325 934 0 1739
325 114 152 1238 0 1321
325 152 114 483 0 863
152 114 325 477 661 686
114 325 152 0 0 1587
325 152 114 483 0 1016
325 114 152 458 330 407
325 152 114 0 406 1017
152 114 325 1086 152 1587
114 152 325 1048 0 2178
114 325 152 934 0 1321
114 325 152 934 0 1169
29 3 32 24 21 5 23 11 28 1 31 15 7 16 20 10 8 12 25 33 2 22 34 4 30 35 13 27 17 26 6 9 19 18 14 36 
13 10 2 5 14 9 6 15 27 4 16 3 1 30 12 8 18 32 7 31 21 11 23 24 36 35 17 28 22 29 25 20 19 33 34 26 
27 9 4 14 30 19 26 8 12 33 15 16 36 35 6 29 20 18 7 31 34 25 1 23 13 17 11 28 5 24 10 21 22 3 2 32 
36
229 483 610 229 203 407
483 610 229 0 165 178
229 483 610 0 406 407
229 483 610 483 178 406
229 406 660 0 0 407
229 660 406 483 178 0
457 533 216 458 178 788
457 533 216 458 0 572
356 178 533 483 0 330
356 533 178 0 165 0
457 330 165 477 444 407
457 330 165 458 0 407
457 165 330 0 0 0
457 165 330 483 0 0
229 203 381 229 0 407
229 203 381 229 0 788
152 325 114 934 0 1646
325 114 152 483 0 1169
114 152 325 934 0 1760
152 325 114 934 152 1912
152 114 325 325 686 407
325 152 114 483 114 1169
325 152 114 477 533 572
114 325 152 325 686 732
114 152 325 934 0 1321
325 114 152 1238 0 2237
325 152 114 483 0 863
152 114 325 477 661 686
114 325 152 0 0 1760
325 152 114 483 0 1016
325 114 152 458 330 407
325 152 114 0 406 1017
152 114 325 1086 0 2237
114 152 325 934 0 2562
114 325 152 1086 0 2085
114 325 152 934 0 1169
29 3 32 24 21 5 23 11 28 1 31 15 7 16 20 10 8 12 19 33 2 22 34 4 30 25 13 27 17 26 6 9 35 18 14 36 
13 10 2 5 14 9 6 15 27 4 16 3 1 30 12 8 18 32 7 31 21 11 23 24 36 25 17 28 22 29 19 20 35 33 34 26 
27 9 4 14 30 19 26 8 12 33 15 16 36 25 6 29 20 18 7 31 34 35 1 23 13 17 11 28 5 24 10 21 22 3 2 32 
36
229 483 610 229 203 407
483 610 229 0 165 178
229 483 610 0 406 407
229 483 610 483 178 406
229 406 660 0 0 407
229 660 406 483 178 0
457 533 216 458 178 788
457 533 216 458 0 572
356 178 533 483 0 330
356 533 178 0 165 0
457 330 165 477 444 407
457 330 165 458 0 407
457 165 330 0 0 0
457 165 330 483 0 0
229 203 381 229 0 407
229 203 381 229 0 788
152 325 114 934 0 1435
325 114 152 483 0 1169
114 152 325 934 0 1549
152 325 114 934 152 1701
152 114 325 325 686 407
325 152 114 483 0 1435
325 152 114 477 533 572
114 325 152 325 686 732
114 152 325 1086 0 1874
325 114 152 1238 0 2199
325 152 114 483 0 863
152 114 325 477 661 686
114 325 152 0 0 1549
325 152 114 483 0 1016
325 114 152 458 330 407
325 152 114 0 406 1017
152 114 325 1086 0 2199
114 152 325 934 0 2524
325 152 114 934 0 1321
114 325 152 934 0 1169
29 3 32 24 21 5 23 11 28 1 31 15 7 16 20 10 8 12 35 33 2 22 34 4 30 19 13 27 17 26 6 9 25 18 14 36 
13 10 2 5 14 9 6 15 27 4 16 3 1 30 12 8 18 32 7 31 21 11 23 24 36 35 17 28 22 29 19 20 25 33 34 26 
27 9 4 14 30 35 26 8 12 33 15 16 36 19 6 29 20 18 7 31 34 25 1 23 13 17 11 28 5 24 10 21 22 3 2 32 
36
229 483 610 229 203 407
483 610 229 0 165 178
229 483 610 0 406 407
229 483 610 483 178 406
229 406 660 0 0 407
229 660 406 483 178 0
457 533 216 458 178 788
457 533 216 458 0 572
356 178 533 483 0 330
356 533 178 0 165 0
457 330 165 477 444 407
457 330 165 458 0 407
457 165 330 0 0 0
457 165 330 483 0 0
229 203 381 229 0 407
229 203 381 229 0 788
152 325 114 934 0 1473
325 114 152 483 0 1169
114 152 325 934 0 1587
152 325 114 934 152 1739
152 114 325 325 686 407
325 152 114 483 114 1169
325 152 114 477 533 572
114 325 152 325 686 732
114 152 325 1086 0 1912
325 114 152 1238 0 2237
325 152 114 483 0 863
152 114 325 477 661 686
114 325 152 0 0 1587
325 152 114 483 0 1016
325 114 152 458 330 407
325 152 114 0 406 1017
152 114 325 1086 0 2237
114 152 325 934 0 2562
114 325 152 934 0 1321
114 325 152 934 0 1169
29 3 32 24 21 5 23 11 28 1 31 15 7 16 20 10 8 12 19 2 33 22 34 4 30 35 13 27 17 26 6 9 25 18 14 36 
13 10 2 5 14 9 6 15 27 4 16 3 1 30 12 8 18 32 7 31 21 11 23 24 36 35 17 28 22 29 19 20 25 33 34 26 
27 9 4 14 30 19 26 8 12 33 15 16 36 35 6 29 20 18 7 31 34 25 1 23 13 17 11 28 5 24 10 21 22 3 2 32 
36
229 483 610 229 203 407
483 610 229 0 165 178
229 483 610 0 406 407
229 483 610 483 178 406
229 406 660 0 0 407
229 660 406 483 178 0
457 533 216 458 178 788
457 533 216 458 0 572
356 178 533 483 0 330
356 533 178 0 165 0
457 330 165 477 444 407
457 330 165 458 0 407
457 165 330 0 0 0
457 165 330 483 0 0
229 203 381 229 0 407
229 203 381 229 0 788
152 325 114 934 325 1283
325 114 152 483 0 1169
114 152 325 934 0 1397
152 325 114 934 152 1549
152 114 325 325 686 407
325 152 114 483 114 1169
325 152 114 477 533 572
114 325 152 325 686 732
114 152 325 1086 0 1722
325 114 152 1259 0 2047
325 152 114 483 0 863
152 114 325 477 661 686
114 325 152 0 0 1397
325 152 114 483 0 1016
325 114 152 458 330 407
325 152 114 0 406 1017
152 114 325 1086 0 2047
325 152 114 934 325 1169
114 325 152 1086 0 2372
114 325 152 934 0 1169
29 3 32 24 21 5 23 11 28 1 31 15 7 16 20 10 8 12 19 33 2 22 35 4 30 34 13 27 17 26 6 9 25 18 14 36 
13 10 2 5 14 9 6 15 27 4 16 3 1 30 12 8 18 32 7 31 21 11 23 24 36 34 17 28 22 29 19 20 25 33 35 26 
27 9 4 14 30 19 26 8 12 33 15 16 36 35 6 29 20 18 7 31 34 25 1 23 13 17 11 28 5 24 10 21 22 3 2 32 
36
229 483 610 229 203 407
483 610 229 0 165 178
229 483 610 0 406 407
229 483 610 483 178 406
229 406 660 0 0 407
229 660 406 483 178 0
457 533 216 458 178 788
457 533 216 458 0 572
356 178 533 483 0 330
356 533 178 0 165 0
457 330 165 477 444 407
457 330 165 458 0 407
457 165 330 0 0 0
457 165 330 483 0 0
229 203 381 229 0 407
229 203 381 229 0 788
152 325 114 934 0 1473
325 114 152 483 0 1169
114 152 325 934 0 1587
152 325 114 934 152 1739
152 114 325 325 686 407
325 152 114 483 114 1169
325 152 114 477 533 572
114 325 152 325 686 732
114 152 325 1086 0 1912
325 114 152 1238 0 2237
325 152 114 483 0 863
152 114 325 477 661 686
114 325 152 0 0 1587
325 152 114 483 0 1016
325 114 152 458 330 407
325 152 114 0 406 1017
152 114 325 1086 0 2237
114 152 325 934 0 2562
114 325 152 934 0 1321
114 325 152 934 0 1169
29 3 32 24 21 5 23 11 28 1 31 15 7 16 20 10 8 12 19 33 2 22 34 4 30 35 13 27 17 26 6 9 25 18 14 36 
13 10 2 5 14 9 6 15 27 4 16 3 1 30 12 8 18 32 7 31 21 11 23 24 36 35 17 28 22 29 19 20 25 33 34 26 
27 9 4 14 30 19 26 8 12 29 15 16 36 35 6 33 20 18 7 31 34 25 1 23 13 17 11 28 5 24 10 21 22 3 2 32 
36
229 483 610 229 203 407
483 610 229 0 165 178
229 483 610 0 406 407
229 483 610 483 178 406
229 406 660 0 0 407
229 660 406 483 178 0
457 533 216 458 178 788
457 533 216 458 0 572
356 178 533 483 0 330
356 533 178 0 165 0
457 330 165 477 444 407
457 330 165 458 0 407
457 165 330 0 0 0
457 165 330 483 0 0
229 203 381 229 0 407
229 203 381 229 0 788
152 325 114 934 0 1473
325 114 152 483 0 1169
114 152 325 934 0 1587
152 325 114 934 152 1739
152 114 325 325 686 407
325 152 114 483 114 1169
325 152 114 477 533 572
114 325 152 325 686 732
114 152 325 1086 0 1912
325 114 152 1238 0 2237
325 152 114 483 0 1016
152 114 325 477 661 686
114 325 152 0 0 1587
325 152 114 483 0 863
325 114 152 458 330 407
325 152 114 0 406 1017
152 114 325 1086 0 2237
114 152 325 934 0 2562
114 325 152 934 0 1321
114 325 152 934 0 1169
29 3 32 24 21 5 23 11 28 1 31 15 7 16 20 10 8 12 19 33 2 22 34 4 30 35 13 27 17 26 6 9 25 18 14 36 
13 10 2 5 14 9 6 15 30 4 16 3 1 27 12 8 18 32 7 31 21 11 23 24 36 35 17 28 22 29 19 20 25 33 34 26 
30 9 4 14 27 19 26 8 12 33 15 16 36 35 6 29 20 18 7 31 34 25 1 23 13 17 11 28 5 24 10 21 22 3 2 32 
36
229 483 610 229 203 407
483 610 229 0 165 178
229 483 610 0 406 407
229 483 610 483 178 406
229 406 660 0 0 407
229 660 406 483 178 0
457 533 216 458 178 788
457 533 216 458 0 572
356 178 533 483 0 330
356 533 178 0 165 0
457 330 165 477 444 407
457 330 165 458 0 407
457 165 330 0 0 0
457 165 330 483 0 0
229 203 381 229 0 407
229 203 381 229 0 788
152 325 114 934 0 1473
325 114 152 483 0 1169
114 152 325 934 0 1701
152 325 114 934 152 1587
152 114 325 325 686 407
325 152 114 934 0 1587
325 152 114 477 533 572
114 325 152 325 686 732
114 152 325 1086 0 2026
325 114 152 1259 0 2351
325 152 114 483 0 863
152 114 325 477 661 686
152 325 114 0 0 1131
325 152 114 483 0 1016
325 114 152 458 330 407
325 152 114 0 406 1017
152 114 325 1086 0 2351
114 152 325 934 0 2676
114 325 152 934 0 1321
114 325 152 934 0 1169
29 3 32 24 21 5 23 11 28 1 31 15 7 16 20 10 8 12 19 33 2 22 34 4 30 35 13 27 17 26 6 9 25 18 14 36 
13 10 2 5 14 9 6 15 27 4 16 3 1 30 12 8 18 32 7 31 21 11 23 24 36 35 17 28 29 22 19 20 25 33 34 26 
27 9 4 14 30 19 26 8 12 33 15 16 36 35 6 22 20 18 7 31 34 25 1 23 13 17 11 28 5 24 10 21 29 3 2 32 
36
229 483 610 229 203 407
483 610 229 0 165 178
229 483 610 0 406 407
229 483 610 483 178 406
229 406 660 0 0 407
229 660 406 483 178 0
457 533 216 458 178 788
457 533 216 458 0 572
356 178 533 483 0 330
356 533 178 0 165 0
457 330 165 477 444 407
457 330 165 458 0 407
457 165 330 0 0 0
457 165 330 483 0 0
229 203 381 229 0 407
229 203 381 229 0 788
152 325 114 934 0 1473
325 114 152 483 0 1169
114 152 325 934 0 1587
152 325 114 1086 0 2562
152 114 325 325 686 407
325 152 114 483 114 1169
325 152 114 477 533 572
114 325 152 325 686 732
114 152 325 1086 0 1912
325 114 152 934 152 1587
325 152 114 483 0 863
152 114 325 477 661 686
114 325 152 0 0 1587
325 152 114 483 0 1016
325 114 152 458 330 407
325 152 114 0 406 1017
152 114 325 934 0 2237
114 152 325 934 0 2562
114 325 152 934 0 1321
114 325 152 934 0 1169
29 3 32 24 21 5 23 11 28 1 31 15 7 16 26 10 8 12 19 33 2 22 34 4 30 35 13 27 17 20 6 9 25 18 14 36 
13 10 2 5 14 9 6 15 27 4 16 3 1 30 12 8 18 32 7 31 21 11 23 24 36 35 17 28 22 29 19 26 25 33 34 20 
27 9 4 14 30 19 26 8 12 33 15 16 36 35 6 29 20 18 7 31 34 25 1 23 13 17 11 28 5 24 10 21 22 3 2 32 
36
229 483 610 229 203 407
483 610 229 0 165 178
229 483 610 0 406 407
229 483 610 483 178 406
229 406 660 0 0 407
229 660 406 483 178 0
457 533 216 458 178 788
457 533 216 458 0 572
356 178 533 483 0 330
356 533 178 0 165 0
457 330 165 477 444 407
457 330 165 458 0 407
457 165 330 0 0 0
457 165 330 483 0 0
229 203 381 229 0 407
229 203 381 229 0 788
114 325 152 934 0 1321
325 114 152 483 0 1169
114 152 325 934 0 1473
152 325 114 934 152 1473
152 114 325 325 686 407
325 152 114 483 114 1169
325 152 114 477 533 572
114 325 152 325 686 732
114 152 325 1259 0 1798
325 114 152 1259 0 2123
325 152 114 483 0 863
152 114 325 477 661 686
114 325 152 0 0 1321
325 152 114 483 0 1016
325 114 152 458 330 407
325 152 114 0 406 1017
152 114 325 1086 0 2123
114 152 325 934 0 2448
325 114 152 934 325 1169
114 325 152 934 0 1169
29 3 32 24 21 5 23 11 28 1 31 15 7 16 20 10 8 12 19 33 2 22 34 4 30 17 13 27 35 26 6 9 25 18 14 36 
13 10 2 5 14 9 6 15 27 4 16 3 1 30 12 8 18 32 7 31 21 11 23 24 36 35 17 28 22 29 19 20 25 33 34 26 
27 9 4 14 30 19 26 8 12 33 15 16 36 17 6 29 20 18 7 31 34 25 1 23 13 35 11 28 5 24 10 21 22 3 2 32 
36
229 483 610 229 203 407
483 610 229 0 165 178
229 483 610 0 406 407
229 483 610 483 178 406
229 406 660 0 0 407
229 660 406 483 178 0
457 533 216 458 178 788
457 533 216 458 0 572
356 178 533 483 0 330
356 533 178 0 165 0
457 330 165 477 444 407
457 330 165 458 0 407
457 165 330 0 0 0
457 165 330 483 0 0
229 203 381 229 0 407
229 203 381 229 0 788
152 325 114 934 0 1473
325 114 152 483 0 1169
114 152 325 934 0 1798
152 325 114 934 0 1587
152 114 325 325 686 407
325 152 114 483 114 1169
325 152 114 477 533 572
114 325 152 325 686 732
114 152 325 1086 0 1473
325 114 152 1238 0 2123
325 152 114 483 0 863
152 114 325 477 661 686
114 325 152 0 0 1587
325 152 114 483 0 1016
325 114 152 458 330 407
325 152 114 0 406 1017
152 114 325 1086 0 2123
114 152 325 934 0 2448
114 325 152 934 0 1321
114 325 152 934 0 1169
29 3 32 24 21 5 23 11 28 1 31 15 7 16 20 10 8 12 19 33 2 22 34 4 30 35 13 27 17 26 6 9 25 18 14 36 
13 10 2 5 14 9 6 15 27 4 16 3 1 30 12 8 18 32 7 31 21 11 23 24 36 35 17 28 22 25 19 20 29 33 34 26 
27 9 4 14 30 19 26 8 12 33 15 16 36 35 6 25 20 18 7 31 34 29 1 23 13 17 11 28 5 24 10 21 22 3 2 32 
36
229 483 610 229 203 407
483 610 229 0 165 178
229 483 610 0 406 407
229 483 610 483 178 406
229 406 660 0 0 407
229 660 406 483 178 0
457 533 216 458 178 788
457 533 216 458 0 572
356 178 533 483 0 330
356 533 178 0 165 0
457 330 165 477 444 407
457 330 165 458 0 407
457 165 330 0 0 0
457 165 330 483 0 0
229 203 381 229 0 407
229 203 381 229 0 788
152 325 114 934 0 1473
325 114 152 483 0 1169
114 152 325 934 0 1587
152 325 114 934 152 1739
152 114 325 325 686 407
325 152 114 483 114 1169
325 152 114 477 533 572
114 325 152 325 686 732
114 152 325 1086 0 1912
325 114 152 483 0 1016
325 152 114 483 0 863
152 114 325 477 661 686
114 325 152 0 0 1587
325 152 114 1238 0 2237
325 114 152 458 330 407
325 152 114 0 406 1017
152 114 325 1086 0 2237
114 152 325 934 0 2562
114 325 152 934 0 1321
114 325 152 934 0 1169
29 3 32 24 21 5 23 11 28 1 31 15 7 16 20 10 8 12 19 33 2 22 34 4 26 35 13 27 17 30 6 9 25 18 14 36 
13 10 2 5 14 9 6 15 27 4 16 3 1 26 12 8 18 32 7 31 21 11 23 24 36 35 17 28 22 29 19 20 25 33 34 30 
27 9 4 14 26 19 30 8 12 33 15 16 36 35 6 29 20 18 7 31 34 25 1 23 13 17 11 28 5 24 10 21 22 3 2 32 
36
229 483 610 229 203 407
483 610 229 0 165 178
229 483 610 0 406 407
229 483 610 483 178 406
229 406 660 0 0 407
229 660 406 483 178 0
457 533 216 458 178 788
457 533 216 458 0 572
356 178 533 483 0 330
356 533 178 0 165 0
457 330 165 477 444 407
457 330 165 458 0 407
457 165 330 0 0 0
457 165 330 483 0 0
229 203 381 229 0 407
229 203 381 229 0 788
152 325 114 934 325 1169
325 114 152 483 0 1169
114 152 325 934 0 1473
152 325 114 934 152 1473
152 114 325 325 686 407
325 152 114 483 114 1169
325 152 114 477 533 572
114 325 152 325 686 732
114 152 325 1086 0 1798
152 114 325 1086 0 2448
325 152 114 483 0 863
152 114 325 477 661 686
114 325 152 0 0 1321
325 152 114 483 0 1016
325 114 152 458 330 407
325 152 114 0 406 1017
152 114 325 1086 0 2123
114 152 325 934 0 2448
114 325 152 934 0 1321
114 325 152 934 0 1169
29 3 32 24 21 5 23 11 28 1 31 15 7 16 20 10 8 12 19 33 2 22 34 4 30 26 13 27 17 35 6 9 25 18 14 36 
13 10 2 5 14 9 6 15 27 4 16 3 1 30 12 8 18 32 7 31 21 11 23 24 36 35 17 28 22 29 19 20 25 33 34 26 
27 9 4 14 30 19 35 8 12 33 15 16 36 26 6 29 20 18 7 31 34 25 1 23 13 17 11 28 5 24 10 21 22 3 2 32 
