5
50 80 70 0 20 0
100 80 30 0 20 70
100 20 100 0 0 0
40 80 60 50 20 0
30 80 60 50 20 60
1 4 2 5 3 
3 1 4 5 2 
3 4 5 1 2 3636
483 229 610 0 0 0
229 483 610 533 229 407
483 229 610 0 0 610
610 483 229 203 229 774
406 660 229 483 0 178
406 229 660 483 0 407
533 457 216 0 229 558
457 533 216 0 381 0
533 356 178 533 533 0
356 533 178 483 0 0
457 330 165 1180 0 1659
457 165 330 0 229 228
457 330 165 0 394 393
457 330 165 0 394 228
203 381 229 0 229 774
203 229 381 0 610 774
325 114 152 813 0 3339
325 152 114 0 229 0
114 152 325 1066 0 1659
152 325 114 0 0 2689
325 114 152 533 0 2136
114 152 325 533 114 2136
114 152 325 813 0 3909
152 114 325 813 0 2689
152 325 114 203 0 2461
325 152 114 858 0 3643
152 325 114 1066 0 1545
325 114 152 203 0 1984
152 114 325 457 0 1220
325 152 114 0 229 114
325 114 152 1180 0 2288
325 152 114 533 0 2575
325 152 114 1505 0 2288
325 114 152 1138 0 3757
114 152 325 1066 0 3014
114 325 152 858 0 3491
20 16 15 25 4 28 14 29 17 8 18 24 13 12 30 7 34 22 23 9 19 32 1 36 35 31 33 11 3 2 26 27 21 6 10 5 
1 3 18 10 30 12 8 5 14 6 13 7 15 2 9 29 27 19 11 28 21 16 4 22 25 32 24 31 35 33 17 20 36 26 34 23 
6 2 33 29 31 11 28 10 24 34 25 17 19 5 1 35 27 23 3 9 36 21 18 12 4 14 30 22 26 8 15 20 16 13 32 7 
36
229 610 483 178 114 0
229 483 610 407 0 483
229 610 483 457 0 0
229 483 610 178 0 483
660 229 406 178 483 597
406 660 229 407 165 152
457 216 533 330 483 483
216 457 533 636 0 483
178 356 533 0 0 483
178 533 356 0 165 0
457 330 165 490 0 3838
457 165 330 0 0 152
165 457 330 0 356 686
165 457 330 0 356 356
229 381 203 787 457 381
203 381 229 838 0 3609
152 325 114 178 0 2334
152 325 114 178 483 483
152 114 325 292 0 2009
152 114 325 330 0 1093
114 325 152 178 0 2600
325 114 152 0 114 2009
114 325 152 490 0 3457
325 152 114 165 325 2334
325 114 152 0 0 0
114 152 325 178 0 3132
114 152 325 292 0 4003
114 325 152 178 0 1857
152 325 114 838 0 2904
152 114 325 0 698 0
114 325 152 0 0 2448
114 152 325 178 0 1532
114 325 152 838 0 2752
152 325 114 787 0 1418
114 152 325 838 0 2009
152 325 114 490 0 3018
30 13 10 26 28 27 22 21 32 14 19 1 24 17 23 36 31 9 11 18 5 20 16 25 35 29 7 4 34 6 15 12 3 33 2 8 
25 12 3 10 1 9 4 2 30 14 8 18 6 7 15 20 13 34 5 32 28 19 17 24 31 35 21 33 29 36 22 26 23 16 11 27 
28 35 3 27 26 8 25 36 12 19 2 6 15 1 29 32 20 34 17 23 11 21 16 33 4 7 18 5 10 9 30 24 13 14 31 22 
36
483 229 610 457 458 0
483 229 610 229 0 0
229 483 610 0 0 0
483 229 610 229 229 0
406 660 229 457 0 762
229 660 406 571 0 610
457 216 533 0 483 0
457 533 216 0 0 610
356 533 178 1513 0 2097
356 178 533 457 660 610
457 330 165 0 0 826
457 165 330 0 660 863
457 330 165 0 330 863
457 165 330 0 533 533
203 229 381 1188 0 3285
229 203 381 940 0 2427
325 114 152 571 0 3285
325 152 114 1188 0 1772
114 325 152 940 203 2427
152 114 325 1054 0 3666
325 114 152 1206 0 2960
152 114 325 1054 0 2960
114 152 325 0 0 1028
114 152 325 457 0 2579
325 114 152 940 0 2808
325 114 152 863 0 1772
325 114 152 813 0 1143
114 325 152 457 0 991
114 325 152 457 0 610
114 325 152 457 325 610
152 114 325 1513 0 1772
114 152 325 813 0 1447
325 114 152 457 0 1295
325 114 152 940 0 2275
152 325 114 457 0 1447
114 325 152 1531 0 2427
12 13 23 7 14 1 11 35 34 19 3 24 8 20 25 4 10 27 2 22 30 32 21 16 28 17 5 26 15 36 18 9 33 29 31 6 
3 2 4 8 11 29 6 7 30 5 28 10 14 27 33 32 35 26 18 31 1 9 34 16 13 25 19 22 21 23 36 24 15 17 12 20 
34 36 27 2 20 9 25 32 4 31 21 22 3 35 18 6 16 15 29 26 30 28 5 10 11 19 8 33 1 13 23 17 7 24 12 14 
36
483 610 229 406 0 0
610 483 229 216 229 343
610 483 229 216 229 572
483 229 610 0 0 229
406 660 229 0 0 0
229 406 660 483 229 229
457 533 216 0 330 801
216 457 533 0 229 229
356 178 533 483 0 432
178 533 356 826 229 229
330 457 165 483 178 889
165 330 457 1156 0 2313
457 330 165 0 0 839
330 165 457 889 0 1856
381 203 229 457 635 801
381 229 203 483 0 229
325 152 114 826 0 2922
152 325 114 1151 152 3095
114 152 325 838 0 2313
152 114 325 1156 0 965
114 325 152 1004 0 1704
152 325 114 1303 0 3703
152 325 114 216 0 2638
325 114 152 406 0 2770
325 152 114 838 0 3817
152 325 114 216 229 229
325 152 114 826 0 2638
325 152 114 1151 0 3095
152 325 114 1303 0 3323
152 114 325 1004 0 1054
152 325 114 1303 0 3437
114 325 152 1303 0 3551
114 152 325 1156 330 2313
325 152 114 1151 0 3209
114 152 325 1151 0 2770
114 152 325 826 0 1379
5 8 1 24 23 3 26 14 17 27 35 7 2 18 15 36 29 22 25 10 32 28 4 13 34 6 19 11 21 30 31 20 9 33 16 12 
5 1 4 8 16 9 6 26 11 2 10 30 3 20 13 36 7 15 21 14 12 33 19 23 27 35 28 24 17 34 18 29 31 32 22 25 
14 20 35 28 29 1 9 22 24 36 34 12 16 6 17 33 32 11 5 30 4 31 21 18 10 27 23 19 3 26 2 8 13 25 15 7 
36
229 610 483 152 0 686
483 610 229 406 165 686
610 483 229 216 0 178
610 483 229 216 0 457
406 660 229 0 0 782
406 229 660 444 483 457
216 533 457 0 229 0
216 533 457 572 0 0
533 178 356 216 533 0
356 533 178 216 0 0
165 330 457 1094 0 2583
330 457 165 114 483 457
457 165 330 406 0 686
165 330 457 114 610 622
203 229 381 0 0 0
381 203 229 0 660 782
114 152 325 439 0 3365
152 114 325 0 325 457
325 152 114 444 0 1169
325 152 114 114 0 1608
152 114 325 444 0 1608
152 114 325 216 0 2258
114 152 325 850 0 1933
114 152 325 0 591 457
152 114 325 439 0 3040
114 152 325 0 439 457
325 152 114 444 114 1722
325 152 114 1259 0 2583
114 152 325 444 0 1283
114 152 325 114 0 1722
114 325 152 444 0 3690
325 152 114 769 0 1608
152 325 114 0 0 609
114 325 152 114 0 2583
114 325 152 0 0 457
152 114 325 444 114 1836
7 24 22 26 20 17 30 25 34 12 16 15 27 36 32 14 19 18 35 9 5 21 33 31 11 29 6 4 1 2 10 3 8 13 23 28 
15 7 35 10 8 3 4 9 33 18 1 5 13 2 26 12 6 19 29 14 16 21 23 20 27 32 36 30 22 11 28 34 25 17 24 31 
4 8 10 22 19 3 9 15 13 7 21 17 2 28 23 25 11 32 20 27 29 1 6 36 35 33 30 31 18 34 5 12 14 26 16 24 
36
483 610 229 330 216 229
610 483 229 229 0 648
229 610 483 0 0 0
483 610 229 330 216 0
229 660 406 0 0 648
229 660 406 330 0 636
533 457 216 229 483 648
533 216 457 330 0 0
178 533 356 559 0 636
533 356 178 330 330 458
330 165 457 0 610 0
330 457 165 0 0 483
457 330 165 330 0 458
330 457 165 0 457 483
203 381 229 650 533 864
229 203 381 0 660 648
325 114 152 0 0 1206
114 152 325 1005 0 3114
152 114 325 876 0 3439
152 325 114 990 0 3764
325 152 114 325 0 2789
325 152 114 325 533 864
325 114 152 0 0 2025
152 325 114 876 0 1358
152 325 114 325 0 1472
152 114 325 990 0 2025
325 152 114 330 0 1911
114 325 152 762 0 877
152 114 325 762 0 2789
152 325 114 863 0 623
114 152 325 876 0 2464
325 114 152 0 0 1054
152 325 114 853 0 2350
152 114 325 1005 0 2350
114 152 325 876 0 1586
152 325 114 559 0 992
16 23 17 5 25 21 7 29 32 22 15 28 2 35 11 19 26 31 14 12 3 6 36 20 1 9 33 18 10 34 30 24 13 4 8 27 
3 12 14 8 11 5 4 1 13 10 6 9 30 36 2 7 28 32 22 15 17 24 25 35 27 23 26 16 33 31 34 21 29 18 19 20 
8 25 29 26 21 17 35 19 34 36 18 20 1 30 4 9 6 31 13 24 10 23 28 2 7 33 15 22 27 5 32 16 12 14 3 11 
36
229 610 483 610 0 610
610 483 229 0 0 0
229 483 610 610 0 0
610 483 229 0 0 229
229 660 406 0 216 458
406 660 229 559 0 636
533 216 457 0 483 0
533 216 457 0 0 458
356 533 178 559 0 865
356 533 178 229 216 458
165 457 330 0 216 864
330 457 165 229 216 636
330 457 165 229 0 966
330 457 165 229 216 801
381 203 229 533 483 229
381 203 229 533 483 0
114 152 325 914 0 1996
114 152 325 914 0 1194
152 325 114 914 0 2587
152 114 325 914 0 1671
114 325 152 914 0 3064
114 325 152 0 0 1996
325 152 114 1239 0 1093
325 114 152 914 0 1519
114 152 325 1066 0 3064
325 114 152 0 673 864
325 114 152 1066 0 1671
325 114 152 0 0 2435
152 114 325 1391 0 3866
152 114 325 1066 0 2739
152 325 114 914 0 2321
325 114 152 559 647 865
325 114 152 559 533 865
152 114 325 1391 0 3541
114 325 152 1066 0 3389
325 114 152 1066 0 2587
28 22 7 16 21 15 5 26 11 19 35 13 12 17 25 31 14 20 18 6 32 33 27 36 9 30 29 10 24 8 34 2 4 23 3 1 
2 4 8 3 5 10 12 1 14 13 6 9 11 33 32 7 16 18 24 15 23 20 26 17 31 22 27 28 36 19 30 25 35 34 29 21 
3 28 27 35 23 29 2 1 8 6 9 12 10 33 34 32 25 17 36 13 31 14 19 5 11 4 22 18 21 30 20 24 16 15 7 26 
36
483 610 229 229 165 787
229 610 483 0 0 483
229 483 610 687 216 0
229 610 483 0 165 0
229 660 406 458 216 0
229 660 406 229 216 0
457 533 216 229 216 406
457 216 533 330 0 0
356 178 533 343 330 622
178 533 356 712 152 622
330 165 457 343 165 622
457 330 165 229 508 622
330 165 457 0 0 0
457 165 330 229 0 622
229 203 381 0 610 483
203 381 229 838 0 2434
152 325 114 686 0 1746
325 114 152 1041 0 3140
325 152 114 686 0 3140
114 152 325 686 0 1269
114 325 152 229 0 3254
152 114 325 1011 152 3406
114 152 325 838 0 1957
152 325 114 686 0 1632
114 152 325 838 0 1155
114 152 325 1041 0 3292
114 152 325 686 0 622
152 325 114 229 0 1594
152 114 325 229 0 2663
325 114 152 458 0 2988
114 325 152 838 0 2282
152 325 114 686 0 1155
114 325 152 229 165 622
114 152 325 838 0 1632
114 325 152 838 0 1480
152 114 325 229 0 1269
4 6 15 30 2 7 21 36 28 24 12 13 33 31 17 20 32 5 34 16 19 22 25 29 23 35 1 10 9 18 3 11 14 8 26 27 
13 8 4 6 5 7 2 3 14 33 11 27 9 12 1 10 32 25 20 36 35 28 24 15 34 23 17 31 16 29 30 18 19 26 21 22 
8 30 34 18 3 5 31 24 25 35 20 26 13 23 6 7 16 21 36 27 32 14 11 22 17 9 19 10 28 33 12 29 4 1 2 15 
36
483 610 229 229 0 216
483 610 229 406 0 686
229 610 483 635 0 457
229 483 610 0 0 0
406 660 229 229 0 457
406 660 229 0 0 762
216 457 533 0 483 0
457 533 216 229 0 0
356 533 178 0 203 991
533 356 178 406 610 762
457 330 165 406 0 940
330 457 165 736 330 940
330 165 457 381 533 0
330 457 165 406 330 940
381 203 229 0 0 991
381 203 229 0 660 761
114 152 325 0 0 1600
325 114 152 0 152 1925
152 114 325 1391 0 1372
152 114 325 229 610 0
325 152 114 1066 0 1105
114 152 325 939 0 1372
114 152 325 1066 0 2841
114 152 325 216 0 1925
152 325 114 0 325 647
114 152 325 706 0 2077
152 114 325 330 0 2516
152 325 114 0 483 533
325 152 114 381 0 1372
325 114 152 706 0 1925
114 325 152 0 0 610
152 325 114 381 0 1486
152 325 114 1543 0 3166
152 325 114 1391 0 2402
325 114 152 216 0 1220
152 325 114 706 0 2841
17 7 18 24 27 25 16 35 28 29 26 9 31 15 4 30 20 32 6 14 12 13 11 36 1 10 2 23 21 8 34 33 5 3 22 19 
4 31 8 1 20 13 7 5 6 3 2 10 11 15 9 14 28 12 21 35 19 25 16 29 22 32 17 30 26 34 24 27 18 23 36 33 
1 8 13 3 27 26 35 23 33 19 11 34 21 20 12 2 22 17 5 31 4 14 30 10 36 29 24 7 15 32 18 9 6 25 28 16 
36
483 610 229 0 0 229
229 483 610 483 178 394
483 610 229 406 0 458
483 610 229 0 0 0
406 660 229 457 0 687
406 660 229 0 0 458
457 533 216 483 165 0
457 216 533 0 0 687
356 533 178 483 165 216
356 178 533 483 0 457
330 165 457 483 0 0
457 165 330 0 546 687
457 330 165 0 216 852
457 330 165 0 216 687
381 203 229 0 610 229
381 203 229 406 610 458
325 114 152 787 610 458
114 325 152 1264 0 1847
325 152 114 1112 0 1142
152 325 114 1112 0 1581
325 114 152 1264 0 1256
114 325 152 712 477 990
325 152 114 1264 0 2265
325 114 152 1589 0 2113
325 152 114 1589 0 1695
152 325 114 1914 0 1999
325 114 152 1264 0 1695
325 152 114 483 0 990
152 325 114 1437 0 1408
114 152 325 1112 325 1329
325 114 152 863 0 1695
114 325 152 712 152 990
152 325 114 1589 0 2379
152 114 325 1112 152 1004
152 114 325 1264 114 1256
325 114 152 1264 0 1999
12 13 14 8 15 6 5 16 1 31 17 4 34 7 3 30 19 36 27 33 9 35 2 24 22 32 25 29 23 11 21 26 28 18 10 20 
4 1 15 11 7 9 6 10 28 2 32 22 3 16 17 8 19 5 14 34 21 29 13 12 35 20 27 25 18 26 24 30 36 23 33 31 
29 11 24 7 19 26 21 9 28 33 25 35 32 27 22 36 23 18 34 31 20 10 2 5 1 8 13 15 14 30 4 12 3 17 16 6 
36
483 610 229 0 483 0
610 483 229 0 0 229
610 483 229 0 0 0
229 610 483 406 0 458
406 660 229 0 0 458
660 406 229 0 203 687
216 533 457 406 0 941
216 533 457 610 0 0
356 533 178 0 152 916
178 356 533 660 0 571
457 165 330 0 660 458
165 330 457 660 356 458
330 165 457 483 533 0
330 457 165 635 0 916
381 203 229 0 483 229
381 203 229 0 0 687
152 325 114 483 610 457
152 325 114 635 0 457
114 325 152 813 0 1906
152 114 325 1117 114 2556
114 152 325 1079 325 1906
152 325 114 965 114 2383
114 325 152 977 0 1906
152 114 325 825 0 1256
152 114 325 965 477 2058
114 325 152 965 0 2556
114 152 325 965 0 1581
152 114 325 1193 0 2556
325 152 114 0 609 788
325 152 114 0 0 916
152 114 325 483 610 571
325 114 152 813 0 1104
152 114 325 1079 0 2231
152 325 114 635 457 916
114 325 152 1079 0 1581
114 152 325 965 325 1906
29 9 11 30 1 15 31 34 14 17 13 25 3 6 2 16 5 27 22 7 33 4 19 36 12 26 20 8 35 21 18 28 24 23 10 32 
3 2 5 8 4 18 16 7 6 1 10 12 13 32 17 24 31 15 14 30 11 34 9 27 35 23 36 21 19 33 25 29 28 20 22 26 
33 28 35 27 8 23 3 18 21 2 36 10 20 24 25 12 32 7 22 4 16 26 14 34 30 9 19 6 5 31 29 17 11 13 1 15 
36
229 483 610 229 0 458
229 610 483 0 0 0
610 483 229 229 0 0
483 610 229 229 0 229
406 660 229 216 0 533
406 660 229 216 0 762
216 533 457 622 0 533
216 533 457 0 0 533
178 356 533 0 610 0
356 178 533 343 483 0
330 457 165 152 483 991
330 457 165 712 381 229
330 457 165 482 0 991
330 165 457 622 533 533
203 381 229 712 0 229
381 203 229 216 660 762
152 325 114 1218 0 3225
152 114 325 216 0 2195
114 325 152 229 483 0
114 152 325 229 610 152
114 325 152 1218 0 3073
325 114 152 839 0 1068
152 325 114 1104 0 2959
152 325 114 712 381 394
114 325 152 952 114 1068
152 114 325 1066 114 1870
152 114 325 1180 0 1870
152 325 114 0 0 991
114 152 325 1066 0 1220
114 325 152 812 0 3073
152 325 114 1164 0 2845
152 325 114 952 0 2959
114 325 152 952 0 3225
152 114 325 216 0 1545
152 325 114 0 325 991
114 152 325 952 0 2520
35 11 13 28 9 8 18 34 30 16 2 6 5 20 19 10 14 25 7 3 33 22 4 31 1 24 26 29 36 12 32 17 15 21 27 23 
2 3 9 8 4 1 15 19 12 10 24 20 22 5 7 6 14 25 16 29 34 27 28 26 18 36 31 32 35 23 11 13 30 21 33 17 
31 18 22 17 34 27 3 21 29 15 24 26 25 23 30 33 12 36 4 1 10 7 20 19 2 28 32 13 14 11 35 6 9 16 5 8 
