36
483 229 610 0 0 343 1sansundertale
610 483 229 990 0 2006 1
483 229 610 0 457 165 1
229 483 610 533 0 343 1
406 229 660 0 0 4566 2
406 660 229 483 0 4337 2
533 457 216 457 0 953 2
216 457 533 635 0 5226 2
533 356 178 0 0 0 3
178 356 533 0 0 1169 3
457 330 165 0 356 0 4
165 457 330 635 457 5226 4
457 330 165 330 0 178 5
330 457 165 0 0 178 5
229 203 381 483 483 178 6
229 203 381 483 483 559 6
152 114 325 1600 0 2006 7
152 114 325 483 0 2006 7
152 114 325 483 0 2560 7
152 114 325 1752 0 2885 7
152 114 325 1600 0 3210 7
152 114 325 483 0 3535 7
152 114 325 483 0 3860 7
325 114 152 0 0 1702 7
152 114 325 483 0 1169 7
152 114 325 990 0 2235 7
114 325 152 483 0 4185 7
152 114 325 483 0 5226 7
325 114 152 483 0 1854 7
152 114 325 889 0 4337 7
152 114 325 635 0 5759 7
152 114 325 889 0 6084 7
152 114 325 483 0 6084 7
152 114 325 483 0 6409 7
152 114 325 0 0 6734 7
152 114 325 635 0 7059 7
11 3 34 22 27 23 31 28 7 24 18 12 2 26 10 33 8 9 36 17 1 6 25 14 16 5 30 15 32 4 20 29 35 21 13 19 
9 11 14 13 1 4 15 16 7 10 24 25 29 2 3 26 17 18 19 20 21 22 23 27 6 5 8 28 12 30 31 32 33 34 35 36 
20 4 22 9 17 34 21 31 27 2 26 7 16 11 18 30 13 8 32 25 23 12 28 24 10 15 29 36 1 6 14 33 19 3 5 35 
36
483 229 610 0 0 343 1sansundertale
610 483 229 990 0 2006 1
483 229 610 0 457 165 1
229 483 610 483 0 343 1
406 229 660 0 0 3916 2
406 660 229 483 0 3687 2
533 457 216 457 0 953 2
216 457 533 635 0 4576 2
533 356 178 0 0 0 3
178 356 533 0 0 1169 3
457 330 165 0 356 0 4
165 457 330 635 457 4576 4
457 330 165 330 0 178 5
330 457 165 0 0 178 5
229 203 381 483 483 178 6
229 203 381 483 483 559 6
152 114 325 1600 0 2006 7
152 114 325 483 0 2006 7
152 114 325 483 0 2560 7
152 114 325 1752 0 2885 7
152 114 325 1752 114 2885 7
152 114 325 483 0 2885 7
152 114 325 483 0 3210 7
325 114 152 0 0 1702 7
152 114 325 483 0 1169 7
152 114 325 990 0 2235 7
114 325 152 483 0 3535 7
152 114 325 483 0 4576 7
325 114 152 483 0 1854 7
152 114 325 889 0 3687 7
152 114 325 635 0 5109 7
152 114 325 889 0 5434 7
152 114 325 483 0 5434 7
152 114 325 483 0 5759 7
152 114 325 0 0 6084 7
152 114 325 635 0 6409 7
11 3 34 22 27 23 31 28 7 24 18 12 2 26 10 33 8 9 36 17 1 6 25 14 16 5 30 15 32 21 20 29 35 4 13 19 
9 11 14 13 1 4 15 16 7 10 24 25 29 2 3 26 17 18 19 20 21 22 23 27 6 5 8 28 12 30 31 32 33 34 35 36 
20 21 22 9 17 34 4 31 27 2 26 7 16 11 18 30 13 8 32 25 23 12 28 24 10 15 29 36 1 6 14 33 19 3 5 35 
36
483 229 610 0 0 343 1sansundertale
610 483 229 990 0 2006 1
483 229 610 0 457 165 1
229 483 610 533 0 343 1
406 229 660 0 0 4566 2
406 660 229 483 0 4337 2
533 457 216 457 0 953 2
216 457 533 635 0 5226 2
533 356 178 0 0 0 3
178 356 533 0 0 1169 3
457 330 165 0 356 0 4
165 330 457 483 457 5551 4
457 330 165 330 0 178 5
330 457 165 0 0 178 5
229 203 381 483 483 178 6
229 203 381 483 483 559 6
152 114 325 1600 0 2006 7
152 114 325 483 0 2006 7
152 114 325 483 0 2560 7
152 114 325 1752 0 2885 7
152 114 325 1600 0 3210 7
152 114 325 483 0 3535 7
152 114 325 483 0 3860 7
325 114 152 0 0 1702 7
152 114 325 483 0 1169 7
152 114 325 990 0 2235 7
114 325 152 483 0 4185 7
152 114 325 483 0 5226 7
325 114 152 483 0 1854 7
152 114 325 889 0 4337 7
152 114 325 635 0 6008 7
152 114 325 889 0 6333 7
152 114 325 483 0 6333 7
152 114 325 483 0 6658 7
152 114 325 0 0 6983 7
152 114 325 635 0 7308 7
11 3 34 22 27 23 31 28 7 24 18 12 2 26 10 33 8 9 36 17 1 6 25 14 16 5 30 15 32 4 20 29 35 21 13 19 
9 11 14 13 1 4 15 16 7 10 24 25 29 2 3 26 17 18 19 20 21 22 23 27 6 5 8 28 12 30 31 32 33 34 35 36 
20 4 22 9 17 34 21 31 27 2 26 7 16 11 18 30 13 8 32 25 23 15 28 24 10 12 29 36 1 6 14 33 19 3 5 35 
36
483 229 610 0 0 343 1sansundertale
610 483 229 990 0 2006 1
483 229 610 0 457 165 1
229 483 610 483 0 343 1
406 229 660 0 0 3916 2
406 660 229 483 0 3687 2
533 457 216 457 0 953 2
216 457 533 635 0 4576 2
533 356 178 0 0 0 3
178 356 533 0 0 1169 3
457 330 165 0 356 0 4
165 457 330 635 457 4576 4
457 330 165 330 0 178 5
330 457 165 0 0 178 5
229 203 381 483 483 178 6
229 203 381 483 483 559 6
152 114 325 1600 0 2006 7
152 114 325 483 0 2006 7
152 114 325 483 0 2560 7
152 114 325 1752 0 2885 7
152 114 325 1752 114 2885 7
152 114 325 483 0 2885 7
152 114 325 483 0 3210 7
325 114 152 0 0 1702 7
152 114 325 483 0 1169 7
152 114 325 990 0 2235 7
114 325 152 483 0 3535 7
152 114 325 483 0 4576 7
325 114 152 483 0 1854 7
152 114 325 889 0 3687 7
152 114 325 635 0 5109 7
152 114 325 889 0 5434 7
152 114 325 483 0 5434 7
152 114 325 483 0 5759 7
152 114 325 0 0 6084 7
152 114 325 635 0 6409 7
11 3 34 22 27 23 31 28 7 24 18 12 2 26 10 33 8 9 36 17 1 6 25 14 16 5 30 15 32 21 20 29 35 4 13 19 
9 11 14 13 1 4 15 16 7 10 24 25 29 2 3 26 17 18 19 20 21 22 23 27 6 5 8 28 12 30 31 32 33 34 35 36 
20 21 22 9 17 34 4 31 27 2 26 7 16 11 18 30 13 8 32 25 23 12 28 24 10 15 29 36 1 6 14 33 19 3 5 35 
36
483 229 610 0 0 343 1sansundertale
610 483 229 990 0 2504 1
483 229 610 0 457 165 1
229 483 610 533 0 343 1
406 229 660 0 0 5064 2
406 660 229 483 0 4835 2
533 457 216 457 0 953 2
216 457 533 635 0 5724 2
533 356 178 0 0 0 3
178 356 533 0 0 1169 3
457 330 165 0 356 0 4
165 457 330 635 457 5724 4
457 330 165 330 0 178 5
330 457 165 0 0 178 5
229 203 381 483 483 178 6
229 203 381 483 483 559 6
152 114 325 1600 0 2504 7
152 114 325 483 0 2504 7
152 114 325 483 0 3058 7
152 114 325 1752 0 3383 7
152 114 325 1600 0 3708 7
152 114 325 483 0 4033 7
152 114 325 483 0 4358 7
114 152 325 457 0 1702 7
152 114 325 483 0 2027 7
152 114 325 990 0 2733 7
114 325 152 483 0 4683 7
152 114 325 483 0 5724 7
325 114 152 483 0 2352 7
152 114 325 889 0 4835 7
152 114 325 635 0 6257 7
152 114 325 889 0 6582 7
152 114 325 483 0 6582 7
152 114 325 483 0 6907 7
152 114 325 0 0 7232 7
152 114 325 635 0 7557 7
11 3 34 22 27 23 31 28 7 24 18 12 2 26 10 33 8 9 36 17 1 6 25 14 16 5 30 15 32 4 20 29 35 21 13 19 
9 11 14 13 1 4 15 16 7 10 24 25 29 2 3 26 17 18 19 20 21 22 23 27 6 5 8 28 12 30 31 32 33 34 35 36 
20 4 22 9 17 34 21 31 27 2 26 7 24 11 18 30 13 8 32 25 23 12 28 16 10 15 29 36 1 6 14 33 19 3 5 35 
36
483 229 610 0 0 343 1sansundertale
610 483 229 990 0 2006 1
483 229 610 0 457 165 1
229 483 610 533 0 343 1
406 229 660 0 0 4566 2
406 660 229 483 0 4337 2
533 457 216 457 0 953 2
216 457 533 635 0 5226 2
533 356 178 0 0 0 3
178 356 533 0 0 1169 3
457 330 165 0 356 0 4
165 457 330 635 457 5226 4
457 330 165 330 0 178 5
330 457 165 0 0 178 5
229 203 381 483 483 178 6
229 203 381 483 483 559 6
152 114 325 1142 0 2235 7
152 114 325 483 0 2006 7
152 114 325 483 0 2560 7
152 114 325 1600 0 2885 7
152 114 325 1142 0 3210 7
152 114 325 483 0 3535 7
152 114 325 483 0 3860 7
325 114 152 0 0 1702 7
152 114 325 483 0 1169 7
152 114 325 990 0 2235 7
114 325 152 483 0 4185 7
152 114 325 483 0 5226 7
325 114 152 483 0 1854 7
152 114 325 889 0 4337 7
152 114 325 635 0 5759 7
152 114 325 889 0 6084 7
152 114 325 483 0 6084 7
152 114 325 483 0 6409 7
152 114 325 0 0 6734 7
152 114 325 635 0 7059 7
11 3 34 22 27 23 31 28 7 24 18 12 2 26 10 33 8 9 36 17 1 6 25 14 16 5 30 15 32 4 20 29 35 21 13 19 
9 11 14 13 1 4 15 16 7 10 24 25 29 2 3 26 17 18 19 20 21 22 23 27 6 5 8 28 12 30 31 32 33 34 35 36 
20 4 22 2 17 34 21 31 27 9 26 7 16 11 18 30 13 8 32 25 23 12 28 24 10 15 29 36 1 6 14 33 19 3 5 35 
36
483 229 610 0 0 343 1sansundertale
610 483 229 990 0 2006 1
483 229 610 0 457 165 1
229 483 610 533 0 343 1
406 229 660 0 0 4566 2
406 660 229 483 0 4337 2
533 457 216 457 0 953 2
216 457 533 635 0 5226 2
533 356 178 0 0 0 3
178 356 533 0 0 1169 3
457 330 165 0 356 0 4
165 457 330 635 457 5226 4
457 330 165 330 0 178 5
330 457 165 0 0 178 5
229 203 381 483 483 178 6
229 203 381 483 483 559 6
152 114 325 1600 0 2006 7
152 114 325 483 0 2006 7
152 114 325 483 0 2560 7
152 114 325 1752 0 2885 7
152 114 325 1600 0 3210 7
114 152 325 483 0 3535 7
152 114 325 483 0 3860 7
325 114 152 0 0 1702 7
152 114 325 483 0 1169 7
152 114 325 990 0 2235 7
114 325 152 483 0 4185 7
152 114 325 483 0 5226 7
325 114 152 483 0 1854 7
152 114 325 889 0 4337 7
152 114 325 635 0 5759 7
152 114 325 889 0 6084 7
152 114 325 483 0 6084 7
152 114 325 483 0 6409 7
152 114 325 0 0 6734 7
152 114 325 635 0 7059 7
11 3 34 22 27 23 31 28 7 24 18 12 2 26 10 33 8 9 36 17 1 6 25 14 16 5 30 15 32 4 20 29 35 21 13 19 
9 11 14 13 1 4 15 16 7 10 24 25 29 2 3 26 17 18 19 20 21 22 23 27 6 5 8 28 12 30 31 32 33 34 35 36 
20 4 9 22 17 34 21 31 27 2 26 7 16 11 18 30 13 8 32 25 23 12 28 24 10 15 29 36 1 6 14 33 19 3 5 35 
36
483 229 610 0 0 343 1sansundertale
610 483 229 990 0 2006 1
483 229 610 0 457 165 1
229 483 610 533 0 343 1
406 229 660 0 0 4566 2
406 660 229 483 0 4337 2
533 457 216 457 0 953 2
216 457 533 635 0 5226 2
533 356 178 0 0 0 3
178 356 533 0 0 1169 3
457 330 165 0 356 0 4
165 457 330 635 457 5226 4
457 330 165 330 0 178 5
330 457 165 0 0 178 5
229 203 381 483 483 178 6
229 203 381 483 483 559 6
152 114 325 1600 0 2006 7
152 114 325 483 0 2006 7
152 114 325 483 0 2560 7
152 114 325 1752 0 2885 7
152 114 325 1600 0 3210 7
152 114 325 483 0 3535 7
152 114 325 483 0 3860 7
325 114 152 0 0 1702 7
152 114 325 483 0 1169 7
152 114 325 990 0 2235 7
114 325 152 483 0 4185 7
152 114 325 483 0 5226 7
325 114 152 483 0 1854 7
152 114 325 889 0 4337 7
152 114 325 1600 0 5226 7
152 114 325 889 0 5759 7
152 114 325 483 0 5556 7
152 114 325 483 0 6084 7
152 114 325 0 0 6409 7
152 114 325 635 0 6734 7
11 3 34 22 27 23 9 28 7 24 18 12 2 26 10 33 8 31 36 17 1 6 25 14 16 5 30 15 32 4 20 29 35 21 13 19 
9 11 14 13 1 4 15 16 7 10 24 25 29 2 3 26 17 18 19 20 21 22 23 27 6 5 8 28 12 30 31 32 33 34 35 36 
20 4 22 31 17 34 21 9 27 2 26 7 16 11 18 30 13 8 32 25 23 12 28 24 10 15 29 36 1 6 14 33 19 3 5 35 
36
483 229 610 0 0 343 1sansundertale
610 483 229 990 0 2006 1
483 229 610 0 457 165 1
229 483 610 533 0 343 1
406 229 660 0 0 4566 2
406 660 229 483 0 4337 2
533 457 216 457 0 953 2
216 457 533 635 0 5226 2
533 356 178 0 0 0 3
178 356 533 0 0 1169 3
457 330 165 0 356 0 4
165 457 330 635 457 5226 4
457 330 165 330 0 178 5
330 457 165 0 0 178 5
229 203 381 483 483 559 6
229 203 381 483 483 178 6
152 114 325 1600 0 2006 7
152 114 325 483 0 2006 7
152 114 325 483 0 2560 7
152 114 325 1752 0 2885 7
152 114 325 1600 0 3210 7
152 114 325 483 0 3535 7
152 114 325 483 0 3860 7
325 114 152 0 0 1702 7
152 114 325 483 0 1169 7
152 114 325 990 0 2235 7
114 325 152 483 0 4185 7
152 114 325 483 0 5226 7
325 114 152 483 0 1854 7
152 114 325 889 0 4337 7
152 114 325 635 0 5759 7
152 114 325 889 0 6084 7
152 114 325 483 0 6084 7
152 114 325 483 0 6409 7
152 114 325 0 0 6734 7
152 114 325 635 0 7059 7
11 3 34 22 27 23 31 28 7 24 18 12 2 26 10 33 8 9 36 17 1 6 25 14 15 5 30 16 32 4 20 29 35 21 13 19 
9 11 14 13 1 4 16 15 7 10 24 25 29 2 3 26 17 18 19 20 21 22 23 27 6 5 8 28 12 30 31 32 33 34 35 36 
20 4 22 9 17 34 21 31 27 2 26 7 15 11 18 30 13 8 32 25 23 12 28 24 10 16 29 36 1 6 14 33 19 3 5 35 
36
483 229 610 0 0 343 1sansundertale
610 483 229 990 0 2006 1
483 229 610 0 457 165 1
229 483 610 533 0 343 1
406 229 660 0 0 4662 2
406 660 229 483 0 4433 2
533 457 216 457 0 953 2
216 457 533 635 0 5322 2
533 356 178 0 0 0 3
178 356 533 0 0 1169 3
457 330 165 0 356 0 4
165 457 330 635 457 5322 4
457 330 165 330 0 178 5
330 457 165 0 0 178 5
229 203 381 483 483 178 6
229 203 381 483 483 559 6
152 114 325 1600 0 2331 7
152 114 325 483 0 2006 7
152 114 325 483 0 2656 7
152 114 325 1752 0 2981 7
152 114 325 1600 0 3306 7
152 114 325 483 0 3631 7
152 114 325 483 0 3956 7
325 114 152 0 0 1702 7
152 114 325 483 0 1169 7
152 114 325 1600 0 2006 7
114 325 152 483 0 4281 7
152 114 325 483 0 5322 7
325 114 152 483 0 1854 7
152 114 325 889 0 4433 7
152 114 325 635 0 5855 7
152 114 325 889 0 6180 7
152 114 325 483 0 6180 7
152 114 325 483 0 6505 7
152 114 325 0 0 6830 7
152 114 325 635 0 7155 7
11 3 34 22 27 23 31 28 7 24 18 12 2 9 10 33 8 26 36 17 1 6 25 14 16 5 30 15 32 4 20 29 35 21 13 19 
9 11 14 13 1 4 15 16 7 10 24 25 29 2 3 26 17 18 19 20 21 22 23 27 6 5 8 28 12 30 31 32 33 34 35 36 
20 4 22 26 17 34 21 31 27 2 9 7 16 11 18 30 13 8 32 25 23 12 28 24 10 15 29 36 1 6 14 33 19 3 5 35 
36
483 229 610 0 0 343 1sansundertale
610 483 229 990 0 2006 1
483 229 610 0 457 165 1
229 483 610 533 0 343 1
406 229 660 0 0 4566 2
406 660 229 483 0 4337 2
533 457 216 457 0 953 2
216 457 533 635 0 5226 2
533 356 178 0 0 0 3
178 356 533 0 0 1169 3
457 330 165 0 356 0 4
165 457 330 635 457 5226 4
457 330 165 330 0 178 5
330 457 165 0 0 178 5
229 203 381 483 483 178 6
229 203 381 483 483 559 6
152 114 325 1600 0 2006 7
152 114 325 483 0 2006 7
152 114 325 483 0 2560 7
152 114 325 1752 0 2885 7
152 114 325 1600 0 3210 7
152 114 325 483 0 3535 7
152 114 325 483 0 3860 7
325 114 152 0 0 1702 7
152 114 325 483 0 1169 7
152 114 325 990 0 2235 7
114 325 152 483 0 4185 7
152 114 325 483 0 5226 7
325 114 152 483 0 1854 7
152 114 325 889 0 4337 7
152 114 325 635 0 5759 7
152 114 325 889 0 6084 7
152 114 325 483 0 6084 7
152 114 325 483 0 6409 7
152 114 325 0 0 6734 7
152 114 325 635 0 7059 7
11 3 34 22 27 23 31 28 7 24 18 12 2 26 10 33 8 9 36 17 1 6 25 14 16 5 30 15 32 4 20 29 35 21 13 19 
9 11 14 13 1 4 15 16 7 10 24 25 29 2 3 26 17 18 19 20 21 22 23 27 6 5 8 28 12 30 31 32 33 34 35 36 
20 4 22 17 9 34 21 31 27 2 26 7 16 11 18 30 13 8 32 25 23 12 28 24 10 15 29 36 1 6 14 33 19 3 5 35 
36
483 229 610 0 0 343 1sansundertale
610 229 483 990 0 2006 1
483 229 610 0 457 165 1
229 483 610 533 0 343 1
406 229 660 0 0 4820 2
406 660 229 483 0 4591 2
533 457 216 457 0 953 2
216 457 533 635 0 5480 2
533 356 178 0 0 0 3
178 356 533 0 0 1169 3
457 330 165 0 356 0 4
165 457 330 635 457 5480 4
457 330 165 330 0 178 5
330 457 165 0 0 178 5
229 203 381 483 483 178 6
229 203 381 483 483 559 6
152 114 325 1142 0 2489 7
152 114 325 483 0 2006 7
152 114 325 483 0 2814 7
152 114 325 1600 0 3139 7
152 114 325 1142 0 3464 7
152 114 325 483 0 3789 7
152 114 325 483 0 4114 7
325 114 152 0 0 1702 7
152 114 325 483 0 1169 7
152 114 325 990 229 2006 7
114 325 152 483 0 4439 7
152 114 325 483 0 5480 7
325 114 152 483 0 1854 7
152 114 325 889 0 4591 7
152 114 325 635 0 6013 7
152 114 325 889 0 6338 7
152 114 325 483 0 6338 7
152 114 325 483 0 6663 7
152 114 325 0 0 6988 7
152 114 325 635 0 7313 7
11 3 34 22 27 23 31 28 7 24 18 12 9 26 10 33 8 2 36 17 1 6 25 14 16 5 30 15 32 4 20 29 35 21 13 19 
9 11 14 13 1 4 15 16 7 10 24 25 29 2 3 26 17 18 19 20 21 22 23 27 6 5 8 28 12 30 31 32 33 34 35 36 
20 4 22 2 17 34 21 31 27 9 26 7 16 11 18 30 13 8 32 25 23 12 28 24 10 15 29 36 1 6 14 33 19 3 5 35 
36
483 229 610 0 0 343 1sansundertale
610 483 229 990 0 2006 1
483 229 610 0 457 165 1
229 483 610 533 0 343 1
406 229 660 0 0 4566 2
406 660 229 483 0 4337 2
533 457 216 457 0 953 2
216 457 533 635 0 5226 2
533 356 178 0 0 0 3
178 356 533 0 0 1169 3
457 330 165 0 356 0 4
165 457 330 635 457 5226 4
457 330 165 330 0 178 5
330 457 165 0 0 178 5
229 203 381 483 483 178 6
229 203 381 483 483 559 6
152 114 325 1600 0 2006 7
152 114 325 483 0 2006 7
152 114 325 483 0 2560 7
152 114 325 1752 0 2885 7
152 114 325 1600 0 3210 7
152 114 325 483 0 3535 7
152 114 325 483 0 3860 7
325 114 152 0 0 1702 7
152 114 325 483 0 1169 7
152 114 325 990 0 2235 7
114 325 152 483 0 4185 7
152 114 325 483 0 5226 7
325 114 152 483 0 1854 7
152 114 325 889 0 4337 7
152 114 325 635 0 5759 7
325 114 152 889 0 6084 7
152 114 325 483 0 6084 7
152 114 325 483 0 6409 7
152 114 325 0 0 6734 7
152 114 325 635 0 7059 7
11 3 34 22 27 23 31 28 7 24 18 12 2 26 10 33 8 9 36 17 1 6 25 14 16 5 30 15 32 4 20 29 35 21 13 19 
9 11 14 13 1 4 15 16 7 10 24 25 29 2 3 26 17 18 19 20 21 22 23 27 6 5 8 28 12 30 31 32 33 34 35 36 
20 4 22 9 17 34 21 31 27 2 26 7 16 11 18 30 13 8 15 25 23 12 28 24 10 32 29 36 1 6 14 33 19 3 5 35 
36
483 229 610 0 0 343 1sansundertale
610 483 229 990 0 2006 1
483 229 610 0 457 165 1
229 483 610 533 0 343 1
406 229 660 0 0 4743 2
660 229 406 483 0 4337 2
533 457 216 457 0 953 2
216 457 533 635 0 5403 2
533 356 178 0 0 0 3
178 356 533 0 0 1169 3
457 330 165 0 356 0 4
165 457 330 635 457 5403 4
457 330 165 330 0 178 5
330 457 165 0 0 178 5
229 203 381 483 483 178 6
229 203 381 483 483 559 6
152 114 325 1600 0 2006 7
152 114 325 483 0 2006 7
152 114 325 483 0 2560 7
152 114 325 1752 0 2885 7
152 114 325 1600 0 3210 7
152 114 325 483 0 3535 7
152 114 325 483 0 3860 7
325 114 152 0 0 1702 7
152 114 325 483 0 1169 7
152 114 325 990 0 2235 7
114 325 152 483 0 4185 7
152 114 325 483 0 5403 7
325 114 152 483 0 1854 7
152 114 325 1143 0 4337 7
152 114 325 635 0 5936 7
152 114 325 1143 0 6261 7
152 114 325 483 0 6261 7
152 114 325 483 0 6586 7
152 114 325 0 0 6911 7
152 114 325 635 0 7236 7
11 3 34 22 27 23 31 28 7 24 18 12 2 26 10 33 8 9 36 17 1 6 25 14 16 5 30 15 32 4 20 29 35 21 13 19 
9 11 14 13 1 4 15 16 7 10 24 25 29 2 3 26 17 18 19 20 21 22 23 27 6 5 8 28 12 30 31 32 33 34 35 36 
20 4 22 9 17 34 21 31 27 2 26 7 16 11 18 30 13 8 32 25 23 12 28 24 10 15 29 36 1 14 6 33 19 3 5 35 
36
483 229 610 0 0 343 1sansundertale
610 483 229 990 0 2006 1
483 229 610 0 457 165 1
229 483 610 533 0 343 1
406 229 660 0 0 4566 2
406 660 229 483 0 4337 2
533 457 216 457 0 953 2
216 457 533 635 0 5226 2
533 356 178 0 0 0 3
178 356 533 0 0 1169 3
457 330 165 0 356 0 4
165 457 330 635 457 5226 4
457 330 165 330 0 178 5
330 457 165 0 0 178 5
229 203 381 483 483 178 6
229 203 381 483 483 559 6
152 114 325 1600 0 2006 7
152 114 325 483 0 2006 7
152 114 325 483 0 2560 7
152 114 325 1752 0 2885 7
152 114 325 1600 0 3210 7
152 114 325 483 0 3535 7
152 114 325 483 0 3860 7
325 114 152 0 0 1702 7
152 114 325 483 0 1169 7
152 114 325 990 0 2235 7
114 325 152 483 0 4185 7
152 114 325 483 0 5226 7
114 325 152 712 0 1854 7
152 114 325 889 0 4337 7
152 114 325 635 0 5759 7
152 114 325 889 0 6084 7
152 114 325 483 0 6084 7
152 114 325 483 0 6409 7
152 114 325 0 0 6734 7
152 114 325 635 0 7059 7
11 3 34 22 27 23 31 28 7 24 18 12 2 26 10 33 8 9 36 17 1 6 25 14 16 5 30 15 32 4 20 29 35 21 13 19 
9 11 14 13 1 4 15 16 7 10 24 25 29 2 3 26 17 18 19 20 21 22 23 27 6 5 8 28 12 30 31 32 33 34 35 36 
20 4 22 9 17 34 21 31 27 2 26 7 16 11 18 30 13 8 32 25 23 12 28 24 10 29 15 36 1 6 14 33 19 3 5 35 
36
483 229 610 0 0 343 1sansundertale
610 483 229 990 0 2006 1
483 229 610 0 457 165 1
229 483 610 533 0 343 1
406 229 660 0 0 4566 2
406 660 229 483 0 4337 2
533 457 216 457 0 953 2
216 457 533 635 0 5226 2
533 356 178 0 0 0 3
178 356 533 0 0 1169 3
457 330 165 0 356 0 4
165 457 330 635 457 5226 4
457 330 165 330 0 178 5
330 457 165 0 0 178 5
229 203 381 483 483 178 6
229 203 381 483 483 559 6
152 114 325 1600 0 2006 7
152 114 325 483 0 2006 7
152 114 325 483 0 2560 7
152 114 325 1752 0 2885 7
152 114 325 1752 0 3210 7
152 114 325 483 0 3535 7
152 114 325 483 0 3860 7
325 114 152 0 0 1702 7
152 114 325 483 0 1169 7
152 114 325 990 0 2235 7
114 325 152 483 0 4185 7
152 114 325 483 0 5226 7
325 114 152 483 0 1854 7
152 114 325 889 0 4337 7
152 114 325 635 0 5759 7
152 114 325 889 0 6084 7
152 114 325 483 0 6084 7
152 114 325 483 0 6409 7
152 114 325 0 0 6734 7
152 114 325 635 0 7059 7
11 3 34 22 27 23 31 28 7 24 18 12 2 26 10 33 8 9 36 17 1 6 25 14 16 5 30 15 32 4 20 29 35 21 13 19 
9 11 14 13 1 4 15 16 7 10 24 25 29 2 3 26 17 18 19 20 21 22 23 27 6 5 8 28 12 30 31 32 33 34 35 36 
20 4 22 21 17 34 9 31 27 2 26 7 16 11 18 30 13 8 32 25 23 12 28 24 10 15 29 36 1 6 14 33 19 3 5 35 
36
483 229 610 0 0 343 1sansundertale
610 483 229 990 0 2006 1
483 229 610 0 457 165 1
229 483 610 533 0 343 1
406 229 660 0 0 4566 2
406 660 229 483 0 4337 2
533 457 216 457 0 953 2
216 457 533 635 0 5226 2
533 356 178 0 0 0 3
178 356 533 0 0 1169 3
457 330 165 0 356 0 4
165 457 330 635 457 5226 4
457 330 165 330 0 178 5
330 457 165 0 0 178 5
229 203 381 483 483 178 6
229 203 381 483 483 559 6
152 114 325 1600 0 2006 7
152 114 325 483 0 2006 7
152 114 325 483 0 2560 7
152 114 325 1752 0 2885 7
152 114 325 1600 0 3210 7
152 114 325 483 0 3535 7
152 114 325 483 0 3860 7
325 114 152 0 0 1702 7
152 114 325 483 0 1169 7
152 114 325 990 0 2235 7
114 325 152 483 0 4185 7
152 114 325 483 0 5226 7
325 114 152 483 0 1854 7
152 114 325 889 0 4337 7
152 114 325 635 0 5759 7
152 114 325 889 0 6084 7
152 114 325 483 0 6084 7
152 114 325 483 0 6409 7
152 114 325 0 0 6734 7
152 114 325 635 0 7059 7
11 3 34 22 27 23 31 28 7 24 18 12 2 26 10 33 8 9 36 17 6 1 25 14 16 5 30 15 32 4 20 29 35 21 13 19 
9 11 14 13 1 4 15 16 7 10 24 25 29 2 3 26 17 18 19 20 21 22 23 27 6 5 8 28 12 30 31 32 33 34 35 36 
20 4 22 9 17 34 21 31 27 2 26 7 16 11 18 30 13 8 32 25 23 12 28 24 10 15 29 36 6 1 14 33 19 3 5 35 
36
483 229 610 0 0 343 1sansundertale
610 483 229 990 0 2006 1
483 229 610 0 457 165 1
229 483 610 533 0 343 1
406 229 660 0 0 4566 2
406 660 229 483 0 4337 2
533 457 216 457 0 953 2
216 457 533 635 0 5226 2
533 356 178 0 0 0 3
178 356 533 0 0 1169 3
457 330 165 0 356 0 4
165 457 330 635 457 5226 4
457 330 165 330 0 178 5
330 457 165 0 0 178 5
229 203 381 483 483 178 6
229 203 381 483 483 559 6
152 114 325 1600 0 2006 7
152 114 325 483 0 2006 7
152 114 325 483 0 2560 7
152 114 325 1752 0 2885 7
152 114 325 1600 0 3210 7
152 114 325 483 0 3535 7
152 114 325 483 0 3860 7
325 114 152 0 0 1702 7
152 114 325 483 0 1169 7
152 114 325 990 0 2235 7
114 325 152 483 0 4185 7
152 114 325 483 0 5226 7
325 114 152 483 0 1854 7
152 325 114 889 0 4337 7
152 114 325 635 0 5759 7
152 114 325 889 0 6084 7
152 114 325 483 0 6084 7
152 114 325 483 0 6409 7
152 114 325 0 0 6734 7
152 114 325 635 0 7059 7
11 3 34 22 27 23 31 28 7 24 18 12 2 26 10 33 8 9 36 17 1 6 25 14 16 5 30 15 32 4 20 29 35 21 13 19 
9 11 14 13 1 4 15 16 7 10 24 25 29 2 3 26 17 18 19 20 21 22 23 27 6 5 8 28 12 30 31 32 33 34 35 36 
20 4 22 9 17 34 21 31 27 2 26 7 30 11 18 16 13 8 32 25 23 12 28 24 10 15 29 36 1 6 14 33 19 3 5 35 
36
483 229 610 0 0 343 1sansundertale
610 483 229 990 0 2006 1
483 229 610 0 229 343 1
229 483 610 533 0 343 1
406 660 229 483 0 4566 2
406 660 229 483 0 4337 2
533 457 216 457 0 953 2
216 457 533 635 0 4795 2
533 356 178 0 0 0 3
178 356 533 0 0 1169 3
457 330 165 0 356 0 4
165 457 330 635 457 4795 4
457 330 165 330 0 178 5
330 457 165 0 0 178 5
229 203 381 483 483 178 6
229 203 381 483 483 559 6
152 114 325 1600 0 2006 7
152 114 325 483 0 2006 7
152 114 325 483 0 2560 7
152 114 325 1752 0 2885 7
152 114 325 1600 0 3210 7
152 114 325 483 0 3535 7
152 114 325 483 0 3860 7
325 114 152 0 0 1702 7
152 114 325 483 0 1169 7
152 114 325 990 0 2235 7
114 325 152 483 0 4185 7
152 114 325 483 0 4795 7
325 114 152 483 0 1854 7
152 114 325 889 0 4337 7
152 114 325 635 0 5328 7
152 114 325 889 0 5653 7
152 114 325 483 0 5653 7
152 114 325 483 0 5978 7
152 114 325 0 0 6303 7
152 114 325 635 0 6628 7
11 3 34 22 27 23 31 28 7 24 18 12 2 26 10 33 8 9 36 17 1 6 25 5 16 14 30 15 32 4 20 29 35 21 13 19 
9 11 14 13 1 4 15 16 7 10 24 25 29 2 3 26 17 18 19 20 21 22 23 27 6 5 8 28 12 30 31 32 33 34 35 36 
20 4 22 9 17 34 21 31 27 2 26 7 16 11 18 30 13 8 32 25 23 12 28 24 10 15 29 36 1 6 5 33 19 3 14 35 
36
483 229 610 0 0 343 1sansundertale
610 483 229 990 0 2006 1
483 229 610 0 457 165 1
229 483 610 533 0 343 1
406 229 660 0 0 4566 2
406 660 229 483 0 4337 2
533 457 216 457 0 953 2
216 457 533 635 0 5226 2
533 356 178 0 0 0 3
178 356 533 0 0 1169 3
457 330 165 330 0 178 4
165 457 330 635 457 5226 4
457 330 165 0 356 0 5
330 457 165 0 0 178 5
229 203 381 483 483 178 6
229 203 381 483 483 559 6
152 114 325 1600 0 2006 7
152 114 325 483 0 2006 7
152 114 325 483 0 2560 7
152 114 325 1752 0 2885 7
152 114 325 1600 0 3210 7
152 114 325 483 0 3535 7
152 114 325 483 0 3860 7
325 114 152 0 0 1702 7
152 114 325 483 0 1169 7
152 114 325 990 0 2235 7
114 325 152 483 0 4185 7
152 114 325 483 0 5226 7
325 114 152 483 0 1854 7
152 114 325 889 0 4337 7
152 114 325 635 0 5759 7
152 114 325 889 0 6084 7
152 114 325 483 0 6084 7
152 114 325 483 0 6409 7
152 114 325 0 0 6734 7
152 114 325 635 0 7059 7
13 3 34 22 27 23 31 28 7 24 18 12 2 26 10 33 8 9 36 17 1 6 25 14 16 5 30 15 32 4 20 29 35 21 11 19 
9 13 14 11 1 4 15 16 7 10 24 25 29 2 3 26 17 18 19 20 21 22 23 27 6 5 8 28 12 30 31 32 33 34 35 36 
20 4 22 9 17 34 21 31 27 2 26 7 16 13 18 30 11 8 32 25 23 12 28 24 10 15 29 36 1 6 14 33 19 3 5 35 
36
483 229 610 0 0 343 1sansundertale
610 483 229 990 0 2006 1
483 229 610 0 457 165 1
229 483 610 533 0 343 1
406 229 660 0 0 4566 2
406 660 229 483 0 4337 2
533 457 216 457 0 953 2
216 457 533 635 0 5226 2
533 356 178 0 0 0 3
178 356 533 0 0 1169 3
457 330 165 0 356 0 4
165 457 330 635 457 5226 4
457 330 165 330 0 178 5
330 457 165 0 0 178 5
229 203 381 483 483 178 6
229 203 381 483 483 559 6
152 114 325 1600 0 2006 7
152 114 325 483 0 2006 7
152 114 325 483 0 2560 7
152 114 325 1752 0 2885 7
152 114 325 1600 0 3210 7
152 114 325 483 0 3535 7
152 114 325 483 0 3860 7
325 114 152 0 0 1702 7
152 114 325 483 0 1169 7
152 114 325 990 0 2235 7
114 325 152 483 0 4185 7
152 114 325 483 0 5226 7
325 114 152 483 0 1854 7
152 114 325 889 0 4337 7
152 114 325 635 0 5759 7
152 114 325 889 0 6084 7
152 114 325 483 0 6084 7
152 114 325 483 0 6409 7
152 114 325 0 0 6734 7
152 114 325 635 0 7059 7
11 3 34 22 27 23 31 28 7 24 18 12 2 26 10 33 8 9 36 17 1 6 25 14 16 5 30 15 4 32 20 29 35 21 13 19 
9 11 14 13 1 4 15 16 7 10 24 25 29 2 3 26 17 18 19 20 21 22 23 27 6 5 8 28 12 30 31 32 33 34 35 36 
20 4 22 9 17 34 21 31 27 2 26 7 16 11 18 30 13 8 32 25 23 12 28 24 10 15 29 36 1 6 14 33 19 3 5 35 
36
483 229 610 0 0 343 1sansundertale
610 483 229 990 0 2006 1
483 229 610 0 457 165 1
229 483 610 533 0 343 1
406 229 660 0 0 4355 2
406 660 229 483 0 4126 2
533 457 216 457 0 953 2
216 457 533 635 0 5015 2
533 356 178 0 0 0 3
178 356 533 0 0 1169 3
457 330 165 0 356 0 4
165 457 330 635 457 5015 4
457 330 165 330 0 178 5
330 457 165 0 0 178 5
229 203 381 483 483 178 6
229 203 381 483 483 559 6
152 114 325 1600 0 2006 7
152 114 325 483 0 2006 7
152 114 325 483 0 2560 7
152 325 114 1752 0 2885 7
152 114 325 1600 0 2999 7
152 114 325 483 0 3324 7
152 114 325 483 0 3649 7
325 114 152 0 0 1702 7
152 114 325 483 0 1169 7
152 114 325 990 0 2235 7
114 325 152 483 0 3974 7
152 114 325 483 0 5015 7
325 114 152 483 0 1854 7
152 114 325 889 0 4126 7
152 114 325 635 0 5548 7
152 114 325 889 0 5873 7
152 114 325 483 0 5873 7
152 114 325 483 0 6198 7
152 114 325 0 0 6523 7
152 114 325 635 0 6848 7
11 3 34 22 27 23 31 28 7 24 18 12 2 26 10 33 8 9 36 17 1 6 25 14 16 5 30 15 32 20 4 29 35 21 13 19 
9 11 14 13 1 4 15 16 7 10 24 25 29 2 3 26 17 18 19 20 21 22 23 27 6 5 8 28 12 30 31 32 33 34 35 36 
4 20 22 9 17 34 21 31 27 2 26 7 16 11 18 30 13 8 32 25 23 12 28 24 10 15 29 36 1 6 14 33 19 3 5 35 
36
483 229 610 0 457 165 1sansundertale
610 483 229 990 0 2006 1
483 229 610 0 0 343 1
229 483 610 533 0 343 1
406 229 660 0 0 4566 2
406 660 229 483 0 4337 2
533 457 216 457 0 953 2
216 457 533 635 0 5226 2
533 356 178 0 0 0 3
178 356 533 0 0 1169 3
457 330 165 0 356 0 4
165 457 330 635 457 5226 4
457 330 165 330 0 178 5
330 457 165 0 0 178 5
229 203 381 483 483 178 6
229 203 381 483 483 559 6
152 114 325 1600 0 2006 7
152 114 325 483 0 2006 7
152 114 325 483 0 2560 7
152 114 325 1752 0 2885 7
152 114 325 1600 0 3210 7
152 114 325 483 0 3535 7
152 114 325 483 0 3860 7
325 114 152 0 0 1702 7
152 114 325 483 0 1169 7
152 114 325 990 0 2235 7
114 325 152 483 0 4185 7
152 114 325 483 0 5226 7
325 114 152 483 0 1854 7
152 114 325 889 0 4337 7
152 114 325 635 0 5759 7
152 114 325 889 0 6084 7
152 114 325 483 0 6084 7
152 114 325 483 0 6409 7
152 114 325 0 0 6734 7
152 114 325 635 0 7059 7
11 1 34 22 27 23 31 28 7 24 18 12 2 26 10 33 8 9 36 17 3 6 25 14 16 5 30 15 32 4 20 29 35 21 13 19 
9 11 14 13 3 4 15 16 7 10 24 25 29 2 1 26 17 18 19 20 21 22 23 27 6 5 8 28 12 30 31 32 33 34 35 36 
20 4 22 9 17 34 21 31 27 2 26 7 16 11 18 30 13 8 32 25 23 12 28 24 10 15 29 36 3 6 14 33 19 1 5 35 
36
483 229 610 0 0 343 1sansundertale
610 483 229 990 0 2006 1
483 229 610 0 457 165 1
229 483 610 483 0 343 1
406 229 660 0 0 4566 2
406 660 229 483 0 4337 2
533 457 216 457 0 953 2
216 457 533 635 0 5226 2
533 356 178 0 0 0 3
178 356 533 0 0 1169 3
457 330 165 0 356 0 4
165 457 330 635 457 5226 4
457 330 165 330 0 178 5
330 457 165 0 0 178 5
229 203 381 483 483 178 6
229 203 381 483 483 559 6
152 114 325 1142 0 2235 7
152 114 325 483 0 2006 7
152 114 325 483 0 2560 7
152 114 325 1600 0 2885 7
152 114 325 1142 0 3210 7
152 114 325 483 0 3535 7
152 114 325 483 0 3860 7
325 114 152 0 0 1702 7
152 114 325 483 0 1169 7
152 114 325 990 0 2235 7
114 325 152 483 0 4185 7
152 114 325 483 0 5226 7
325 114 152 483 0 1854 7
152 114 325 889 0 4337 7
152 114 325 635 0 5759 7
152 114 325 889 0 6084 7
152 114 325 483 0 6084 7
152 114 325 483 0 6409 7
152 114 325 0 0 6734 7
152 114 325 635 0 7059 7
11 3 34 22 27 23 31 28 7 24 18 12 2 26 10 33 8 9 36 17 1 6 25 14 16 5 30 15 32 4 20 29 35 21 13 19 
9 11 14 13 1 4 15 16 7 10 24 25 29 2 3 26 17 18 19 20 21 22 23 27 6 5 8 28 12 30 31 32 33 34 35 36 
20 2 22 9 17 34 21 31 27 4 26 7 16 11 18 30 13 8 32 25 23 12 28 24 10 15 29 36 1 6 14 33 19 3 5 35 
36
483 229 610 0 0 343 1sansundertale
610 483 229 990 0 2006 1
483 229 610 0 457 165 1
229 483 610 533 0 343 1
406 229 660 0 0 4566 2
406 660 229 483 0 4337 2
533 457 216 457 0 953 2
216 457 533 635 0 5226 2
533 356 178 0 0 0 3
178 356 533 0 0 1169 3
457 330 165 0 356 0 4
165 457 330 635 457 5226 4
457 330 165 330 0 178 5
330 457 165 0 0 178 5
229 203 381 483 483 178 6
229 203 381 483 483 559 6
152 114 325 1600 0 2006 7
152 114 325 483 0 2006 7
152 114 325 483 0 2560 7
152 114 325 1752 0 2885 7
152 114 325 1600 0 3210 7
152 114 325 483 0 3535 7
152 114 325 483 0 3860 7
325 114 152 0 0 1702 7
152 114 325 483 0 1169 7
152 114 325 990 0 2235 7
114 325 152 483 0 4185 7
152 114 325 483 0 5226 7
325 114 152 483 0 1854 7
152 114 325 889 0 4337 7
152 114 325 635 0 5759 7
152 114 325 889 0 6084 7
152 114 325 483 0 6084 7
152 114 325 483 0 6409 7
152 114 325 0 0 6734 7
152 114 325 635 0 7059 7
11 3 34 22 27 23 31 28 7 24 18 12 2 26 10 33 8 9 36 17 1 6 25 14 16 5 30 32 15 4 20 29 35 21 13 19 
9 11 14 13 1 4 15 16 7 10 24 25 29 2 3 26 17 18 19 20 21 22 23 27 6 5 8 28 12 30 31 32 33 34 35 36 
20 4 22 9 17 34 21 31 27 2 26 7 16 11 18 30 13 8 32 25 23 12 28 24 10 15 29 36 1 6 14 33 19 3 5 35 
36
483 229 610 0 0 343 1sansundertale
610 483 229 990 0 2006 1
483 229 610 0 457 165 1
229 483 610 533 0 343 1
406 229 660 0 0 4566 2
406 660 229 483 0 4337 2
533 457 216 457 0 953 2
216 457 533 635 0 5226 2
533 356 178 0 0 0 3
178 356 533 0 0 1169 3
457 330 165 0 356 0 4
165 457 330 635 457 5226 4
457 330 165 330 0 178 5
330 457 165 0 0 178 5
229 203 381 483 483 178 6
229 203 381 483 483 559 6
152 114 325 1600 0 2006 7
152 114 325 483 0 2006 7
152 114 325 483 0 2560 7
152 114 325 1752 0 2885 7
152 114 325 1600 0 3210 7
152 114 325 483 0 3535 7
152 114 325 483 0 3860 7
325 114 152 0 0 1702 7
152 114 325 483 0 1169 7
152 114 325 990 0 2235 7
114 325 152 483 0 4185 7
152 114 325 483 0 5226 7
325 114 152 483 0 1854 7
152 114 325 889 0 4337 7
152 114 325 635 0 5759 7
152 114 325 889 0 6084 7
152 325 114 483 0 6084 7
152 114 325 483 0 6409 7
152 114 325 0 0 6734 7
152 114 325 635 0 7059 7
11 3 34 22 27 23 31 28 7 24 18 12 2 26 10 33 8 9 36 17 1 6 25 14 16 5 30 15 32 4 20 29 35 21 13 19 
9 11 14 13 1 4 15 16 7 10 24 25 29 2 3 26 17 18 19 20 21 22 23 27 6 5 8 28 12 30 31 32 33 34 35 36 
20 4 22 9 17 34 21 31 27 2 26 7 16 11 18 30 13 8 32 25 23 12 28 24 10 15 29 36 1 6 33 14 19 3 5 35 
36
483 229 610 0 0 343 1sansundertale
610 483 229 990 0 2006 1
483 229 610 0 457 165 1
229 483 610 533 0 343 1
406 229 660 0 0 4566 2
406 660 229 483 0 4337 2
533 457 216 457 0 953 2
216 457 533 635 0 5226 2
533 356 178 0 0 0 3
178 356 533 0 0 1169 3
457 330 165 0 356 0 4
165 457 330 635 457 5226 4
457 330 165 330 0 178 5
330 457 165 0 0 178 5
229 203 381 483 483 178 6
229 203 381 483 483 559 6
152 114 325 1600 0 2006 7
152 114 325 483 0 2006 7
152 114 325 483 0 2560 7
152 114 325 1752 0 2885 7
152 114 325 1600 0 3210 7
152 114 325 483 0 3535 7
152 114 325 483 0 3860 7
325 114 152 0 0 1702 7
152 114 325 483 0 1169 7
152 114 325 990 0 2235 7
114 325 152 483 0 4185 7
152 114 325 483 0 5226 7
325 114 152 483 0 1854 7
152 114 325 889 0 4337 7
152 114 325 635 0 5759 7
152 114 325 889 0 6084 7
152 114 325 483 0 6084 7
152 114 325 483 0 6409 7
152 114 325 0 0 6734 7
152 114 325 635 0 7059 7
11 3 34 22 27 23 31 28 7 24 18 12 2 26 10 33 8 9 36 17 1 6 25 14 16 5 30 15 32 4 20 29 35 21 13 19 
9 11 14 13 4 1 15 16 7 10 24 25 29 2 3 26 17 18 19 20 21 22 23 27 6 5 8 28 12 30 31 32 33 34 35 36 
20 4 22 9 17 34 21 31 27 2 26 7 16 11 18 30 13 8 32 25 23 12 28 24 10 15 29 36 1 6 14 33 19 3 5 35 
36
483 229 610 0 0 343 1sansundertale
610 483 229 990 0 2006 1
483 229 610 0 457 165 1
229 483 610 533 0 343 1
406 229 660 0 0 4566 2
406 660 229 483 0 4337 2
533 457 216 457 0 953 2
216 457 533 635 0 5226 2
533 356 178 0 0 0 3
178 356 533 0 0 1169 3
457 330 165 0 356 0 4
165 457 330 635 457 5226 4
457 330 165 330 0 178 5
330 457 165 0 0 178 5
229 203 381 483 483 178 6
229 203 381 483 483 559 6
152 114 325 1600 0 2006 7
152 114 325 483 0 2006 7
152 114 325 483 0 2560 7
152 114 325 1752 0 2885 7
152 114 325 1600 0 3210 7
152 114 325 483 0 3535 7
152 114 325 483 0 3860 7
325 114 152 0 0 1702 7
152 114 325 483 0 1169 7
152 114 325 990 0 2235 7
114 325 152 483 0 4185 7
152 114 325 483 0 5226 7
325 114 152 483 0 1854 7
152 114 325 889 0 4337 7
152 114 325 635 0 5759 7
152 114 325 889 0 6084 7
152 114 325 483 0 6084 7
152 114 325 483 0 6409 7
152 114 325 0 0 6734 7
152 114 325 635 0 7059 7
11 3 34 22 27 23 31 28 7 24 18 12 2 26 10 33 8 9 36 17 6 1 25 14 16 5 30 15 32 4 20 29 35 21 13 19 
9 11 14 13 1 4 15 16 7 10 24 25 29 2 3 26 17 18 19 20 21 22 23 27 6 5 8 28 12 30 31 32 33 34 35 36 
20 4 22 9 17 34 21 31 27 2 26 7 16 11 18 30 13 8 32 25 23 12 28 24 10 15 29 36 1 6 14 33 19 3 5 35 
36
483 229 610 0 0 343 1sansundertale
610 483 229 990 0 2006 1
483 229 610 0 457 165 1
229 483 610 533 0 343 1
406 229 660 0 0 4566 2
406 660 229 483 0 4337 2
533 457 216 457 0 953 2
216 457 533 635 0 5226 2
533 356 178 0 0 0 3
178 356 533 0 0 1169 3
457 330 165 0 356 0 4
165 457 330 635 457 5226 4
457 330 165 330 0 178 5
330 457 165 0 0 178 5
229 203 381 483 483 178 6
229 203 381 483 483 559 6
152 114 325 1600 0 2006 7
152 114 325 483 0 2006 7
152 114 325 483 0 2560 7
152 114 325 1752 0 2885 7
152 114 325 1600 0 3210 7
152 114 325 483 0 3535 7
152 114 325 483 0 3860 7
325 114 152 0 0 1702 7
152 114 325 483 0 1169 7
152 114 325 990 0 2235 7
114 325 152 483 0 4185 7
152 114 325 483 0 5226 7
325 114 152 483 0 1854 7
152 114 325 889 0 5226 7
152 114 325 635 0 5759 7
152 114 325 889 0 6084 7
152 114 325 483 0 6084 7
152 114 325 483 0 6409 7
152 114 325 0 0 6734 7
152 114 325 635 0 7059 7
11 3 34 22 27 23 31 28 7 24 18 12 2 26 10 33 8 9 36 17 1 6 25 30 16 5 14 15 32 4 20 29 35 21 13 19 
9 11 14 13 1 4 15 16 7 10 24 25 29 2 3 26 17 18 19 20 21 22 23 27 6 5 8 28 12 30 31 32 33 34 35 36 
20 4 22 9 17 34 21 31 27 2 26 7 16 11 18 30 13 8 32 25 23 12 28 24 10 15 29 36 1 6 14 33 19 3 5 35 
36
483 229 610 0 0 343 1sansundertale
610 483 229 990 0 2006 1
483 229 610 0 457 165 1
229 483 610 533 0 343 1
406 229 660 0 0 4566 2
406 660 229 483 0 4337 2
533 457 216 457 0 953 2
216 457 533 635 0 5226 2
533 356 178 0 0 0 3
178 356 533 0 0 1169 3
457 330 165 0 356 0 4
165 457 330 635 457 5226 4
457 330 165 330 0 178 5
330 457 165 0 0 178 5
229 203 381 483 483 178 6
229 203 381 483 483 559 6
152 114 325 1600 0 2006 7
152 114 325 483 0 2006 7
152 114 325 483 0 2560 7
152 114 325 1752 0 2885 7
152 114 325 1600 0 3210 7
152 114 325 483 0 3535 7
152 114 325 483 0 3860 7
325 114 152 0 0 1702 7
152 114 325 483 0 1169 7
152 114 325 990 0 2235 7
114 325 152 483 0 4185 7
152 114 325 483 0 5226 7
325 114 152 483 0 1854 7
152 114 325 889 0 4337 7
152 114 325 635 0 5759 7
152 114 325 889 0 6084 7
152 114 325 483 0 6084 7
152 114 325 483 0 6409 7
152 114 325 0 0 6734 7
152 114 325 635 0 7059 7
11 3 34 22 27 23 31 28 7 24 18 12 2 26 10 33 8 9 36 17 1 6 25 14 16 5 30 15 4 32 20 29 35 21 13 19 
9 11 14 13 1 4 15 16 7 10 24 25 29 2 3 26 17 18 19 20 21 22 23 27 6 5 8 28 12 30 31 32 33 34 35 36 
20 4 22 9 17 34 21 31 27 2 26 7 16 11 18 30 13 8 32 25 23 12 28 24 10 15 29 36 1 6 14 33 19 3 5 35 
36
483 229 610 0 0 343 1sansundertale
610 483 229 990 0 2006 1
483 229 610 0 457 165 1
229 483 610 533 0 343 1
406 229 660 0 0 4241 2
406 660 229 483 0 4012 2
533 457 216 457 0 953 2
216 457 533 483 0 4901 2
533 356 178 0 0 0 3
178 356 533 0 0 1169 3
457 330 165 0 356 0 4
165 457 330 635 457 4901 4
457 330 165 330 0 178 5
330 457 165 0 0 178 5
229 203 381 483 483 178 6
229 203 381 483 483 559 6
152 114 325 1600 0 2006 7
152 114 325 483 0 2006 7
152 114 325 483 0 2560 7
152 114 325 1752 0 2885 7
152 114 325 1600 0 3210 7
152 114 325 457 0 3535 7
152 114 325 0 0 2885 7
325 114 152 0 0 1702 7
152 114 325 483 0 1169 7
152 114 325 990 0 2235 7
114 325 152 457 0 3860 7
152 114 325 483 457 4901 7
325 114 152 483 0 1854 7
152 114 325 889 0 4012 7
152 114 325 571 0 5434 7
152 114 325 889 0 5759 7
152 114 325 483 0 5759 7
152 114 325 457 0 6084 7
152 114 325 0 0 6409 7
152 114 325 635 0 6734 7
11 23 34 22 27 3 31 28 7 24 18 12 2 26 10 33 8 9 36 17 1 6 25 14 16 5 30 15 32 4 20 29 35 21 13 19 
9 11 14 13 1 4 15 16 7 10 24 25 29 2 3 26 17 18 19 20 21 22 23 27 6 5 8 28 12 30 31 32 33 34 35 36 
20 4 22 9 17 34 21 31 27 2 26 7 16 11 18 30 13 8 32 25 23 12 28 24 10 15 29 36 1 6 14 33 19 3 5 35 
36
483 229 610 0 0 343 1sansundertale
610 483 229 1066 0 2006 1
483 229 610 0 457 178 1
229 483 610 533 0 343 1
406 229 660 0 0 4566 2
406 660 229 483 0 4337 2
533 457 216 533 0 953 2
216 457 533 635 0 5226 2
533 356 178 0 330 0 3
178 356 533 0 0 1169 3
457 330 165 0 0 0 4
165 457 330 635 457 5226 4
457 330 165 330 0 178 5
330 457 165 0 0 178 5
229 203 381 483 483 178 6
229 203 381 533 483 559 6
152 114 325 1676 0 2006 7
152 114 325 483 0 2006 7
152 114 325 483 0 2560 7
152 114 325 1828 0 2885 7
152 114 325 1676 0 3210 7
152 114 325 533 0 3535 7
152 114 325 483 0 3860 7
325 114 152 0 0 1702 7
152 114 325 483 0 1169 7
152 114 325 1066 0 2235 7
114 325 152 533 0 4185 7
152 114 325 483 0 5226 7
325 114 152 483 0 1854 7
152 114 325 889 0 4337 7
152 114 325 647 0 5759 7
152 114 325 889 0 6084 7
152 114 325 483 0 6084 7
152 114 325 533 0 6409 7
152 114 325 0 0 6734 7
152 114 325 635 0 7059 7
9 3 34 22 27 23 31 28 7 24 18 12 2 26 10 33 8 11 36 17 1 6 25 14 16 5 30 15 32 4 20 29 35 21 13 19 
11 9 14 13 1 4 15 16 7 10 24 25 29 2 3 26 17 18 19 20 21 22 23 27 6 5 8 28 12 30 31 32 33 34 35 36 
20 4 22 11 17 34 21 31 27 2 26 7 16 9 18 30 13 8 32 25 23 12 28 24 10 15 29 36 1 6 14 33 19 3 5 35 
36
483 229 610 0 0 343 1sansundertale
610 483 229 990 0 2006 1
483 229 610 0 457 165 1
229 483 610 533 0 343 1
406 229 660 0 0 4414 2
406 660 229 483 0 4185 2
533 457 216 457 0 953 2
216 457 533 635 0 5074 2
533 356 178 0 0 0 3
178 356 533 0 0 1169 3
457 330 165 0 356 0 4
165 457 330 635 457 5074 4
457 330 165 330 0 178 5
330 457 165 0 0 178 5
229 203 381 483 483 178 6
229 203 381 483 483 559 6
152 114 325 1600 0 2006 7
152 114 325 483 0 2006 7
152 114 325 483 0 2560 7
152 114 325 1752 0 2885 7
152 114 325 1600 0 3210 7
152 114 325 483 0 3535 7
152 114 325 483 0 3860 7
325 114 152 0 0 1702 7
152 114 325 483 0 1169 7
152 114 325 990 0 2235 7
114 325 152 1600 0 3860 7
152 114 325 483 0 5074 7
325 114 152 483 0 1854 7
152 114 325 889 0 4012 7
152 114 325 635 0 5607 7
152 114 325 889 0 5932 7
152 114 325 483 0 5932 7
152 114 325 483 0 6257 7
152 114 325 0 0 6582 7
152 114 325 635 0 6907 7
11 3 34 22 9 23 31 28 7 24 18 12 2 26 10 33 8 27 36 17 1 6 25 14 16 5 30 15 32 4 20 29 35 21 13 19 
9 11 14 13 1 4 15 16 7 10 24 25 29 2 3 26 17 18 19 20 21 22 23 27 6 5 8 28 12 30 31 32 33 34 35 36 
20 4 22 27 17 34 21 31 9 2 26 7 16 11 18 30 13 8 32 25 23 12 28 24 10 15 29 36 1 6 14 33 19 3 5 35 
36
483 229 610 0 0 343 1sansundertale
610 483 229 990 0 2006 1
483 229 610 0 457 165 1
229 483 610 533 0 343 1
406 229 660 0 0 4566 2
406 660 229 483 0 4337 2
533 457 216 457 0 953 2
216 457 533 635 0 5226 2
533 356 178 0 0 0 3
178 356 533 0 0 1169 3
457 330 165 0 356 0 4
165 457 330 635 457 5226 4
457 330 165 330 0 178 5
330 457 165 0 0 178 5
229 203 381 483 483 178 6
229 203 381 483 483 559 6
152 114 325 1600 0 2006 7
152 114 325 483 0 2006 7
152 114 325 483 0 2560 7
