36
229 610 483 483 0 483 1sansundertale
229 610 483 457 0 0 1
483 610 229 0 0 533 1
483 610 229 686 0 3292 1
229 406 660 787 0 2307 2
406 660 229 0 0 762 2
457 216 533 0 216 0 2
457 216 533 0 0 0 2
178 533 356 457 0 1626 3
178 533 356 1169 325 4932 3
330 457 165 457 114 762 4
330 165 457 686 0 3673 4
330 165 457 686 0 966 5
165 330 457 787 0 5938 5
229 381 203 457 0 1423 6
229 381 203 609 0 6395 6
114 325 152 686 0 4130 7
325 114 152 1169 0 3292 7
114 325 152 457 0 3521 7
114 152 325 1016 0 5288 7
325 114 152 457 571 762 7
325 152 114 0 660 762 7
114 325 152 787 0 1423 7
114 152 325 782 0 2967 7
152 114 325 457 0 4282 7
152 114 325 896 0 4607 7
152 114 325 1168 0 4282 7
325 114 152 457 0 762 7
152 114 325 1320 0 4282 7
114 152 325 686 0 0 7
152 114 325 635 0 4932 7
114 152 325 686 0 1982 7
152 325 114 1169 0 4932 7
152 114 325 1169 0 5613 7
114 152 325 787 0 1575 7
152 114 325 1016 0 4282 7
22 7 6 8 21 19 25 15 9 24 11 28 26 3 31 14 23 5 16 35 1 20 2 12 36 27 4 13 29 17 34 10 32 18 33 30 
8 2 3 30 1 28 11 21 13 6 15 23 35 7 9 32 5 24 4 19 22 12 17 36 25 18 27 26 29 33 31 10 20 34 14 16 
29 27 1 26 23 28 20 24 5 18 33 35 11 36 21 19 15 10 14 13 34 31 30 12 9 4 16 32 6 25 17 2 22 8 3 7 
36
229 610 483 483 0 483 1sansundertale
229 610 483 457 0 0 1
483 610 229 0 0 533 1
483 610 229 686 0 3292 1
229 406 660 787 0 2307 2
406 660 229 0 0 762 2
457 216 533 0 216 0 2
457 216 533 0 0 0 2
178 533 356 457 0 1626 3
178 533 356 1169 325 4932 3
330 457 165 457 114 762 4
330 165 457 686 0 3673 4
330 165 457 686 0 966 5
165 330 457 787 0 5938 5
229 381 203 457 0 1423 6
229 381 203 609 0 6395 6
114 325 152 686 0 4130 7
325 152 114 787 0 1575 7
114 325 152 457 0 3521 7
114 152 325 1112 0 5288 7
325 114 152 457 571 762 7
325 152 114 0 660 762 7
114 325 152 787 0 1423 7
114 152 325 782 0 2967 7
152 114 325 457 0 4282 7
152 114 325 896 0 4607 7
152 114 325 1168 0 4282 7
325 114 152 457 0 762 7
152 114 325 1320 0 4282 7
114 152 325 686 0 0 7
152 114 325 635 0 4932 7
114 152 325 686 0 1982 7
152 325 114 1321 0 4932 7
152 114 325 1169 0 5613 7
152 114 325 1169 0 3292 7
152 114 325 1016 0 4282 7
22 7 6 8 21 19 25 15 9 24 11 28 26 3 31 14 23 5 16 18 1 20 2 12 36 27 4 13 29 17 34 10 32 35 33 30 
8 2 3 30 1 28 11 21 13 6 15 23 18 7 9 32 5 24 4 19 22 12 17 36 25 35 27 26 29 33 31 10 20 34 14 16 
29 27 1 26 23 28 20 24 5 18 33 35 11 36 21 19 15 10 14 13 34 31 30 12 9 4 16 32 6 25 17 2 22 8 3 7 
36
229 610 483 483 0 483 1sansundertale
229 610 483 457 0 0 1
483 610 229 0 0 533 1
483 610 229 686 0 3297 1
229 406 660 787 0 2307 2
406 660 229 0 0 762 2
457 216 533 0 216 0 2
457 216 533 0 0 0 2
178 533 356 457 0 1626 3
178 533 356 1169 325 4805 3
330 457 165 457 114 762 4
165 457 330 782 0 2967 4
330 165 457 686 0 966 5
165 330 457 787 0 5811 5
229 381 203 457 0 1423 6
229 381 203 609 0 6268 6
114 325 152 686 0 4003 7
325 114 152 1169 0 3297 7
114 325 152 457 0 3526 7
114 152 325 1016 0 5161 7
325 114 152 457 571 762 7
325 152 114 0 660 762 7
114 325 152 787 0 1423 7
152 114 325 686 0 3678 7
152 114 325 457 0 4155 7
152 114 325 947 0 4480 7
152 114 325 1016 0 4155 7
325 114 152 457 0 762 7
152 114 325 1169 0 4155 7
114 152 325 686 0 0 7
152 114 325 635 0 4805 7
114 152 325 686 0 1982 7
152 325 114 1169 0 4805 7
152 114 325 1169 0 5486 7
114 152 325 787 0 1575 7
152 114 325 838 0 4155 7
22 7 6 8 21 19 25 15 9 12 11 28 26 3 31 14 23 5 16 35 1 20 2 24 36 27 4 13 29 17 34 10 32 18 33 30 
8 2 3 30 1 28 11 21 13 6 15 23 35 7 9 32 5 12 4 19 22 24 17 36 25 18 27 26 29 33 31 10 20 34 14 16 
29 27 1 26 23 28 20 12 5 18 33 35 11 36 21 19 15 10 14 13 34 31 30 24 9 4 16 32 6 25 17 2 22 8 3 7 
36
229 610 483 483 0 483 1sansundertale
229 610 483 457 0 0 1
483 610 229 0 0 533 1
483 610 229 896 0 3119 1
229 406 660 787 0 2459 2
406 660 229 0 0 762 2
457 216 533 0 216 0 2
457 216 533 0 0 0 2
178 533 356 457 0 1778 3
178 533 356 1016 325 4703 3
330 457 165 457 114 762 4
330 165 457 686 0 3444 4
330 165 457 686 0 966 5
165 330 457 787 0 5709 5
229 381 203 457 0 1423 6
229 381 203 609 0 6166 6
114 325 152 686 0 3901 7
325 114 152 1168 0 3444 7
114 325 152 457 0 2459 7
114 152 325 1016 0 5059 7
325 114 152 457 571 762 7
325 152 114 0 660 762 7
114 325 152 686 0 1626 7
114 152 325 782 0 3119 7
152 114 325 457 0 4053 7
152 114 325 896 0 4378 7
152 114 325 1379 0 4053 7
325 114 152 457 0 762 7
152 114 325 1531 0 4053 7
114 152 325 686 0 0 7
152 114 325 635 0 4703 7
114 152 325 686 0 2134 7
152 325 114 1168 0 4703 7
152 114 325 1016 0 5384 7
114 152 325 787 0 1778 7
152 114 325 1016 0 4053 7
22 7 6 8 21 19 25 15 9 24 11 28 26 3 31 14 4 5 16 35 1 20 2 12 36 27 23 13 29 17 34 10 32 18 33 30 
8 2 3 30 1 28 11 21 13 6 15 23 35 7 9 32 5 24 4 19 22 12 17 36 25 18 27 26 29 33 31 10 20 34 14 16 
29 27 1 26 4 28 20 24 5 18 33 35 11 36 21 19 15 10 14 13 34 31 30 12 9 23 16 32 6 25 17 2 22 8 3 7 
36
229 610 483 483 0 483 1sansundertale
229 610 483 457 0 0 1
483 610 229 0 0 533 1
483 610 229 838 0 3292 1
229 406 660 787 0 2307 2
406 660 229 0 0 762 2
457 216 533 0 216 0 2
457 216 533 0 0 0 2
178 533 356 457 0 1626 3
178 533 356 1321 325 4932 3
330 457 165 457 114 762 4
330 165 457 686 0 3673 4
330 165 457 686 0 966 5
165 330 457 787 0 5938 5
229 381 203 457 0 1423 6
229 381 203 609 0 6395 6
114 325 152 686 0 4130 7
325 114 152 1321 0 3292 7
114 325 152 457 0 3521 7
114 152 325 1016 0 5288 7
325 114 152 457 571 762 7
325 152 114 0 660 762 7
114 325 152 787 0 1423 7
114 152 325 782 0 2967 7
152 114 325 457 0 4282 7
152 114 325 896 0 4607 7
152 114 325 686 0 1982 7
325 114 152 457 0 762 7
152 114 325 1321 0 4282 7
114 152 325 686 0 0 7
152 114 325 635 0 4932 7
152 114 325 1321 0 3444 7
152 325 114 1321 0 4932 7
152 114 325 1321 0 5613 7
114 152 325 787 0 1575 7
152 114 325 1016 0 4282 7
22 7 6 8 21 19 25 15 9 24 11 28 26 3 31 14 23 5 16 35 1 20 2 12 36 27 4 13 29 17 34 10 32 18 33 30 
8 2 3 30 1 28 11 21 13 6 15 23 35 7 9 27 5 24 4 19 22 12 17 36 25 18 32 26 29 33 31 10 20 34 14 16 
29 32 1 26 23 28 20 24 5 18 33 35 11 36 21 19 15 10 14 13 34 31 30 12 9 4 16 27 6 25 17 2 22 8 3 7 
36
229 610 483 483 0 483 1sansundertale
229 610 483 457 0 0 1
483 610 229 0 0 533 1
483 610 229 686 0 3210 1
229 406 660 787 0 2225 2
406 660 229 0 0 762 2
457 216 533 0 216 0 2
457 216 533 0 0 0 2
356 533 178 901 0 1575 3
178 533 356 1169 325 4850 3
330 457 165 457 114 762 4
330 165 457 686 0 3591 4
330 165 457 686 0 966 5
165 330 457 761 0 5175 5
229 381 203 457 0 1423 6
229 381 203 609 0 5632 6
114 325 152 686 0 4048 7
325 114 152 1169 0 3210 7
114 325 152 457 0 3439 7
114 325 152 609 0 4200 7
325 114 152 457 571 762 7
325 152 114 0 660 762 7
114 325 152 787 0 1423 7
114 152 325 782 0 2885 7
152 114 325 457 0 4200 7
152 114 325 896 0 4525 7
152 114 325 1257 0 4200 7
325 114 152 457 0 762 7
152 114 325 1409 0 4200 7
114 152 325 686 0 0 7
152 114 325 609 0 4850 7
114 152 325 686 0 1900 7
152 325 114 1169 0 4850 7
152 114 325 1169 858 4850 7
114 152 325 787 0 1575 7
152 114 325 1016 0 4200 7
22 7 6 8 21 19 25 15 20 24 11 28 26 3 31 14 23 5 16 35 1 9 2 12 36 27 4 13 29 17 34 10 32 18 33 30 
8 2 3 30 1 28 11 21 13 6 15 23 35 7 9 32 5 24 4 19 22 12 17 36 25 18 27 26 29 33 31 10 20 34 14 16 
29 27 1 26 23 28 9 24 5 18 33 35 11 36 21 19 15 10 14 13 34 31 30 12 20 4 16 32 6 25 17 2 22 8 3 7 
36
229 610 483 483 0 483 1sansundertale
229 610 483 457 0 0 1
483 610 229 0 0 533 1
483 610 229 686 0 3292 1
229 406 660 787 0 2307 2
406 660 229 0 0 762 2
457 216 533 0 216 0 2
457 216 533 0 0 0 2
178 533 356 457 0 1626 3
178 533 356 1169 325 4932 3
330 457 165 457 114 762 4
330 165 457 686 0 3673 4
330 165 457 686 0 966 5
165 330 457 787 0 5938 5
229 381 203 457 0 1423 6
229 381 203 609 0 6395 6
114 325 152 686 0 4130 7
325 114 152 1169 0 3292 7
114 325 152 457 0 3521 7
114 152 325 1016 0 5288 7
325 114 152 457 571 762 7
325 152 114 0 660 762 7
114 325 152 787 0 1423 7
114 152 325 782 0 2967 7
152 114 325 457 0 4282 7
152 114 325 686 0 1982 7
152 114 325 1168 0 4282 7
325 114 152 457 0 762 7
152 114 325 1320 0 4282 7
114 152 325 686 0 0 7
152 114 325 635 0 4932 7
114 152 325 896 0 4607 7
152 325 114 1169 0 4932 7
152 114 325 1169 0 5613 7
114 152 325 787 0 1575 7
152 114 325 1016 0 4282 7
22 7 6 8 21 19 25 15 9 24 11 28 32 3 31 14 23 5 16 35 1 20 2 12 36 27 4 13 29 17 34 10 26 18 33 30 
8 2 3 30 1 28 11 21 13 6 15 23 35 7 9 26 5 24 4 19 22 12 17 36 25 18 27 32 29 33 31 10 20 34 14 16 
29 27 1 32 23 28 20 24 5 18 33 35 11 36 21 19 15 10 14 13 34 31 30 12 9 4 16 26 6 25 17 2 22 8 3 7 
36
229 610 483 483 0 483 1sansundertale
229 610 483 457 0 0 1
483 610 229 0 0 533 1
483 610 229 686 0 3292 1
229 406 660 787 0 2307 2
406 660 229 0 0 762 2
457 216 533 0 216 0 2
457 216 533 0 0 0 2
178 533 356 457 0 1626 3
178 533 356 1283 325 4648 3
330 457 165 457 114 762 4
330 165 457 686 0 3673 4
330 165 457 686 0 966 5
165 330 457 787 0 5654 5
229 381 203 457 0 1423 6
229 381 203 609 0 6111 6
114 325 152 686 0 0 7
325 114 152 1283 0 3292 7
114 325 152 457 0 3521 7
114 152 325 1016 0 5004 7
325 114 152 457 571 762 7
325 152 114 0 660 762 7
114 325 152 787 0 1423 7
114 152 325 782 0 2967 7
152 114 325 457 0 3673 7
152 114 325 896 0 4323 7
152 114 325 1168 0 3998 7
325 114 152 457 0 762 7
152 114 325 1320 0 3998 7
114 152 325 1169 0 3673 7
152 114 325 635 0 4648 7
114 152 325 686 0 1982 7
152 325 114 1283 0 4648 7
152 114 325 1283 0 5329 7
114 152 325 787 0 1575 7
152 114 325 1016 0 3998 7
22 7 6 8 21 19 25 15 9 24 11 28 26 3 31 14 23 5 16 35 1 20 2 12 36 27 4 13 29 30 34 10 32 18 33 17 
8 2 3 17 1 28 11 21 13 6 15 23 35 7 9 32 5 24 4 19 22 12 30 36 25 18 27 26 29 33 31 10 20 34 14 16 
29 27 1 26 23 28 20 24 5 18 33 35 11 36 21 19 15 10 14 13 34 31 30 12 9 4 16 32 6 25 17 2 22 8 3 7 
36
229 610 483 483 0 483 1sansundertale
229 610 483 457 0 0 1
483 610 229 0 0 533 1
483 610 229 686 0 3418 1
229 406 660 787 0 2433 2
406 660 229 0 0 762 2
457 216 533 0 216 0 2
457 216 533 0 0 0 2
178 356 533 901 0 1575 3
178 533 356 1169 325 5058 3
330 457 165 457 114 762 4
330 165 457 686 0 3799 4
330 165 457 686 0 966 5
165 330 457 761 0 5383 5
229 381 203 457 0 1423 6
229 381 203 609 0 5840 6
114 325 152 686 0 4256 7
325 114 152 1169 0 3418 7
114 325 152 457 0 3647 7
114 152 325 609 0 4408 7
325 114 152 457 571 762 7
325 152 114 0 660 762 7
114 325 152 787 0 1423 7
114 152 325 782 0 3093 7
152 114 325 457 0 4408 7
152 114 325 896 0 4733 7
152 114 325 1168 0 4408 7
325 114 152 457 0 762 7
152 114 325 1320 0 4408 7
114 152 325 686 0 0 7
152 114 325 609 0 5058 7
114 152 325 686 0 2108 7
152 325 114 1169 0 5058 7
152 114 325 1169 858 5058 7
114 152 325 787 0 1575 7
152 114 325 1016 0 4408 7
22 7 6 8 21 19 25 15 20 24 11 28 26 3 31 14 23 5 16 35 1 9 2 12 36 27 4 13 29 17 34 10 32 18 33 30 
8 2 3 30 1 28 11 21 13 6 15 23 35 7 9 32 5 24 4 19 22 12 17 36 25 18 27 26 29 33 31 10 20 34 14 16 
29 27 1 26 23 28 9 24 5 18 33 35 11 36 21 19 15 10 14 13 34 31 30 12 20 4 16 32 6 25 17 2 22 8 3 7 
36
229 610 483 483 0 483 1sansundertale
229 610 483 457 0 0 1
483 610 229 0 0 533 1
483 610 229 686 0 3210 1
229 406 660 787 0 2225 2
406 660 229 0 0 762 2
457 216 533 0 216 0 2
457 216 533 0 0 0 2
178 533 356 457 0 1626 3
178 533 356 1169 325 5175 3
330 457 165 457 114 762 4
330 165 457 686 0 3591 4
330 165 457 686 0 966 5
165 330 457 787 0 6181 5
229 381 203 457 0 1423 6
229 381 203 609 0 6638 6
114 325 152 686 0 4048 7
325 114 152 1169 0 3210 7
114 325 152 457 0 3439 7
114 152 325 1016 0 5531 7
325 114 152 457 571 762 7
325 152 114 0 660 762 7
114 325 152 787 0 1423 7
114 152 325 782 0 2885 7
152 114 325 457 0 4200 7
152 114 325 800 0 4525 7
152 114 325 1168 0 4200 7
325 114 152 457 0 762 7
152 114 325 1320 0 4850 7
114 152 325 686 0 0 7
152 114 325 635 0 4850 7
114 152 325 787 0 1900 7
152 325 114 1169 0 5175 7
152 114 325 1169 0 5856 7
114 152 325 787 0 1575 7
152 114 325 1016 0 4200 7
22 7 6 8 21 19 25 15 9 24 11 28 32 3 31 14 23 5 16 35 1 20 2 12 36 27 4 13 29 17 34 10 26 18 33 30 
8 2 3 30 1 28 11 21 13 6 15 23 35 7 9 32 5 24 4 19 22 12 17 36 25 18 27 26 29 33 31 10 20 34 14 16 
29 27 1 32 23 28 20 24 5 18 33 35 11 36 21 19 15 10 14 13 34 31 30 12 9 4 16 26 6 25 17 2 22 8 3 7 
36
229 610 483 483 0 483 1sansundertale
229 610 483 457 0 0 1
483 610 229 0 0 533 1
483 610 229 686 0 2957 1
229 660 406 635 0 4597 2
406 660 229 0 0 762 2
457 216 533 0 216 0 2
457 216 533 0 0 0 2
178 533 356 457 0 1626 3
178 533 356 1169 325 4597 3
330 457 165 457 114 762 4
330 165 457 686 0 3338 4
330 165 457 686 0 966 5
165 330 457 864 0 5603 5
229 381 203 457 0 1423 6
229 381 203 609 0 6060 6
114 325 152 686 0 3795 7
325 114 152 1169 0 2957 7
114 325 152 457 0 3186 7
114 152 325 939 0 4953 7
325 114 152 457 571 762 7
325 152 114 0 660 762 7
114 325 152 787 0 1423 7
114 152 325 782 0 2632 7
152 114 325 457 0 3947 7
152 114 325 896 0 4272 7
152 114 325 1168 0 3947 7
325 114 152 457 0 762 7
152 114 325 1320 0 3947 7
114 152 325 686 0 0 7
152 114 325 787 0 2307 7
114 152 325 686 0 1982 7
152 325 114 1169 0 4597 7
152 114 325 1169 0 5278 7
114 152 325 787 0 1575 7
152 114 325 1016 0 3947 7
22 7 6 8 21 19 25 15 9 24 11 28 26 3 5 14 23 31 16 35 1 20 2 12 36 27 4 13 29 17 34 10 32 18 33 30 
8 2 3 30 1 28 11 21 13 6 15 23 35 7 9 32 31 24 4 19 22 12 17 36 25 18 27 26 29 33 5 10 20 34 14 16 
29 27 1 26 23 28 20 24 31 18 33 35 11 36 21 19 15 10 14 13 34 5 30 12 9 4 16 32 6 25 17 2 22 8 3 7 
36
229 610 483 483 0 483 1sansundertale
229 610 483 457 0 0 1
483 610 229 0 0 533 1
483 610 229 686 0 3292 1
229 406 660 787 0 2307 2
406 660 229 0 0 762 2
457 216 533 0 216 0 2
457 216 533 0 0 0 2
178 533 356 457 0 1626 3
178 533 356 896 0 4607 3
330 457 165 457 114 762 4
330 165 457 686 0 3673 4
330 165 457 686 0 966 5
165 330 457 787 0 5938 5
229 381 203 457 0 1423 6
229 381 203 609 0 6395 6
114 325 152 686 0 4130 7
325 114 152 1169 0 3292 7
114 325 152 457 0 3521 7
114 152 325 1016 0 5288 7
325 114 152 457 571 762 7
325 152 114 0 660 762 7
114 325 152 787 0 1423 7
114 152 325 782 0 2967 7
152 114 325 457 0 4282 7
152 114 325 1169 325 4963 7
152 114 325 1168 0 4282 7
325 114 152 457 0 762 7
152 114 325 1320 0 4282 7
114 152 325 686 0 0 7
152 114 325 635 0 4963 7
114 152 325 686 0 1982 7
152 325 114 1169 0 4963 7
152 114 325 1169 0 5613 7
114 152 325 787 0 1575 7
152 114 325 1016 0 4282 7
22 7 6 8 21 19 25 15 9 24 11 28 10 3 31 14 23 5 16 35 1 20 2 12 36 27 4 13 29 17 34 26 32 18 33 30 
8 2 3 30 1 28 11 21 13 6 15 23 35 7 9 32 5 24 4 19 22 12 17 36 25 18 27 10 29 33 31 26 20 34 14 16 
29 27 1 10 23 28 20 24 5 18 33 35 11 36 21 19 15 26 14 13 34 31 30 12 9 4 16 32 6 25 17 2 22 8 3 7 
36
229 610 483 483 0 483 1sansundertale
229 610 483 457 0 0 1
483 610 229 0 0 533 1
483 610 229 686 0 3743 1
229 406 660 787 0 2758 2
406 660 229 0 0 762 2
457 216 533 0 216 0 2
457 216 533 0 0 0 2
178 356 533 787 0 1900 3
178 533 356 1169 325 5058 3
330 457 165 457 114 762 4
330 165 457 686 0 4124 4
330 165 457 686 0 966 5
165 330 457 913 0 6064 5
229 381 203 457 0 1423 6
229 381 203 609 0 6521 6
114 325 152 686 0 4581 7
325 114 152 1169 0 3743 7
114 325 152 457 0 3972 7
114 152 325 1016 0 5414 7
325 114 152 457 571 762 7
325 152 114 0 660 762 7
114 325 152 787 0 1423 7
114 152 325 782 0 3418 7
152 114 325 457 0 4733 7
152 114 325 609 0 4733 7
152 114 325 1168 0 4733 7
325 114 152 457 0 762 7
152 114 325 1320 0 4733 7
114 152 325 686 0 0 7
152 114 325 761 0 4733 7
114 152 325 686 0 2433 7
152 325 114 1169 0 5058 7
152 114 325 1169 0 5739 7
114 152 325 787 0 1575 7
152 114 325 1016 0 4733 7
22 7 6 8 21 19 25 15 26 24 11 28 9 3 31 14 23 5 16 35 1 20 2 12 36 27 4 13 29 17 34 10 32 18 33 30 
8 2 3 30 1 28 11 21 13 6 15 23 35 7 9 32 5 24 4 19 22 12 17 36 25 18 27 26 29 33 31 10 20 34 14 16 
29 27 1 9 23 28 20 24 5 18 33 35 11 36 21 19 15 10 14 13 34 31 30 12 26 4 16 32 6 25 17 2 22 8 3 7 
36
229 610 483 483 0 483 1sansundertale
229 610 483 457 0 0 1
483 610 229 0 0 533 1
483 610 229 686 0 3292 1
229 406 660 787 0 2307 2
406 660 229 0 0 762 2
457 216 533 0 216 0 2
457 216 533 0 0 0 2
178 533 356 457 0 1626 3
178 533 356 1169 325 4932 3
330 457 165 457 114 762 4
330 165 457 686 0 3673 4
330 165 457 686 0 966 5
165 330 457 787 0 5938 5
229 381 203 457 0 1423 6
229 381 203 609 0 6395 6
114 325 152 686 0 4130 7
325 114 152 1169 0 3292 7
114 325 152 457 0 3521 7
114 152 325 1016 0 5288 7
325 114 152 457 571 762 7
325 152 114 0 660 762 7
114 325 152 787 0 1423 7
114 152 325 782 0 2967 7
152 114 325 457 0 4282 7
152 114 325 896 0 4607 7
152 114 325 686 0 1982 7
325 114 152 457 0 762 7
152 114 325 1282 0 4282 7
114 152 325 686 0 0 7
152 114 325 635 0 4932 7
114 152 325 1168 0 4282 7
152 325 114 1169 0 4932 7
152 114 325 1169 0 5613 7
114 152 325 787 0 1575 7
152 114 325 1016 0 4282 7
22 7 6 8 21 19 25 15 9 24 11 28 26 3 31 14 23 5 16 35 1 20 2 12 36 32 4 13 29 17 34 10 27 18 33 30 
8 2 3 30 1 28 11 21 13 6 15 23 35 7 9 27 5 24 4 19 22 12 17 36 25 18 32 26 29 33 31 10 20 34 14 16 
29 32 1 26 23 28 20 24 5 18 33 35 11 36 21 19 15 10 14 13 34 31 30 12 9 4 16 27 6 25 17 2 22 8 3 7 
36
229 610 483 483 0 483 1sansundertale
229 610 483 457 0 0 1
483 610 229 0 0 533 1
483 610 229 686 0 3292 1
229 406 660 787 0 2307 2
406 660 229 0 0 762 2
457 216 533 0 216 0 2
457 216 533 0 0 0 2
178 533 356 457 0 1626 3
178 533 356 1169 325 4932 3
330 457 165 457 114 762 4
330 165 457 686 0 3673 4
330 165 457 686 0 966 5
165 330 457 787 0 5938 5
229 381 203 457 0 1423 6
229 381 203 609 0 6395 6
114 325 152 686 0 4130 7
325 114 152 1169 0 3292 7
114 325 152 457 0 3521 7
114 152 325 1016 0 5288 7
325 114 152 457 571 762 7
325 152 114 0 660 762 7
114 325 152 787 0 1423 7
114 152 325 782 0 2967 7
152 114 325 457 0 4282 7
152 114 325 896 0 4607 7
152 114 325 1016 0 4282 7
325 114 152 457 0 762 7
152 114 325 1169 0 4282 7
114 152 325 686 0 0 7
152 114 325 635 0 4932 7
114 152 325 686 0 1982 7
152 325 114 1169 0 4932 7
152 114 325 1169 0 5613 7
114 152 325 787 0 4282 7
152 114 325 782 0 1575 7
22 7 6 8 21 19 25 15 9 24 11 28 26 3 31 14 23 5 16 35 1 20 2 12 36 27 4 13 29 17 34 10 32 18 33 30 
8 2 3 30 1 28 11 21 13 6 15 23 36 7 9 32 5 24 4 19 22 12 17 35 25 18 27 26 29 33 31 10 20 34 14 16 
29 27 1 26 23 28 20 24 5 18 33 35 11 36 21 19 15 10 14 13 34 31 30 12 9 4 16 32 6 25 17 2 22 8 3 7 
36
229 610 483 483 0 483 1sansundertale
229 610 483 457 0 0 1
483 610 229 0 0 533 1
483 610 229 686 0 3318 1
229 406 660 782 0 1423 2
406 660 229 0 0 762 2
457 216 533 0 216 0 2
457 216 533 0 0 0 2
178 533 356 457 0 2083 3
178 533 356 1169 325 4958 3
330 457 165 457 114 762 4
330 165 457 686 0 3699 4
330 165 457 686 0 966 5
165 330 457 787 0 5964 5
381 203 229 635 0 2764 6
229 381 203 609 0 6421 6
114 325 152 686 0 4156 7
325 114 152 1169 0 3318 7
114 325 152 457 0 3547 7
114 152 325 1125 0 5314 7
325 114 152 457 571 762 7
325 152 114 0 660 762 7
114 325 152 1011 0 1423 7
114 152 325 1011 0 2993 7
152 114 325 457 0 4308 7
152 114 325 1125 0 4633 7
152 114 325 1168 0 4308 7
325 114 152 457 0 762 7
152 114 325 1320 0 4308 7
114 152 325 686 0 0 7
152 114 325 635 0 4958 7
114 152 325 686 0 2439 7
152 325 114 1169 0 4958 7
152 114 325 1169 0 5639 7
114 152 325 787 0 2083 7
152 114 325 1016 0 4308 7
22 7 6 8 21 19 25 5 9 24 11 28 26 3 31 14 23 15 16 35 1 20 2 12 36 27 4 13 29 17 34 10 32 18 33 30 
8 2 3 30 1 28 11 21 13 6 5 23 35 7 9 32 15 24 4 19 22 12 17 36 25 18 27 26 29 33 31 10 20 34 14 16 
29 27 1 26 23 28 20 24 5 18 33 35 11 36 21 19 15 10 14 13 34 31 30 12 9 4 16 32 6 25 17 2 22 8 3 7 
36
229 610 483 483 0 483 1sansundertale
229 610 483 457 0 0 1
483 610 229 0 0 533 1
483 610 229 686 0 3383 1
229 406 660 787 0 2398 2
406 660 229 0 0 762 2
457 216 533 0 216 0 2
457 216 533 0 0 0 2
178 533 356 457 0 1626 3
178 533 356 1169 325 5023 3
330 457 165 457 114 762 4
330 165 457 686 0 3764 4
330 165 457 686 0 966 5
165 330 457 787 0 5856 5
229 381 203 457 0 1423 6
229 381 203 609 0 6313 6
114 325 152 686 0 4221 7
325 114 152 1169 0 3383 7
114 325 152 457 0 3612 7
114 152 325 787 0 1423 7
325 114 152 457 571 762 7
325 152 114 0 660 762 7
114 325 152 1016 0 5379 7
114 152 325 782 0 3058 7
152 114 325 457 0 4373 7
152 114 325 896 0 4698 7
152 114 325 1168 0 4373 7
325 114 152 457 0 762 7
152 114 325 1320 0 4373 7
114 152 325 686 0 0 7
152 114 325 635 0 5023 7
114 152 325 686 0 2073 7
152 325 114 1169 0 5023 7
152 114 325 1169 0 5531 7
114 152 325 787 0 1748 7
152 114 325 1016 0 4373 7
22 7 6 8 21 19 25 15 9 24 11 28 26 3 31 14 20 5 16 35 1 23 2 12 36 27 4 13 29 17 34 10 32 18 33 30 
8 2 3 30 1 28 11 21 13 6 15 20 35 7 9 32 5 24 4 19 22 12 17 36 25 18 27 26 29 33 31 10 23 34 14 16 
29 27 1 26 23 28 20 24 5 18 33 35 11 36 21 19 15 10 14 13 34 31 30 12 9 4 16 32 6 25 17 2 22 8 3 7 
36
229 610 483 483 0 483 1sansundertale
229 610 483 457 0 0 1
483 610 229 0 0 533 1
483 610 229 686 0 3591 1
229 406 660 787 0 2606 2
406 660 229 0 0 762 2
457 216 533 0 216 0 2
457 216 533 0 0 0 2
178 356 533 782 0 1423 3
178 533 356 1169 325 5231 3
330 457 165 457 114 762 4
330 165 457 686 0 3972 4
330 165 457 686 0 966 5
165 330 457 761 0 6237 5
229 381 203 457 0 1423 6
229 381 203 609 0 6694 6
114 325 152 686 0 4429 7
325 114 152 1169 0 3591 7
114 325 152 457 0 3820 7
114 152 325 1016 0 5587 7
325 114 152 457 571 762 7
325 152 114 0 660 762 7
114 325 152 483 0 1956 7
114 152 325 782 0 3266 7
152 114 325 457 0 4581 7
152 114 325 960 0 4906 7
152 114 325 1168 0 4581 7
325 114 152 457 0 762 7
152 114 325 1320 0 4581 7
114 152 325 686 0 0 7
152 114 325 609 0 5231 7
114 152 325 686 0 2281 7
152 325 114 1169 0 5231 7
152 114 325 1169 0 5912 7
114 152 325 787 0 1956 7
152 114 325 1016 0 4581 7
22 7 6 8 21 19 25 15 9 24 11 28 26 3 31 14 23 5 16 35 1 20 2 12 36 27 4 13 29 17 34 10 32 18 33 30 
8 2 3 30 1 28 11 21 13 6 15 9 35 7 23 32 5 24 4 19 22 12 17 36 25 18 27 26 29 33 31 10 20 34 14 16 
29 27 1 26 9 28 20 24 5 18 33 35 11 36 21 19 15 10 14 13 34 31 30 12 23 4 16 32 6 25 17 2 22 8 3 7 
36
229 610 483 483 0 483 1sansundertale
229 610 483 457 0 0 1
483 610 229 0 0 533 1
483 610 229 686 0 3160 1
229 406 660 787 0 2175 2
406 660 229 0 0 762 2
457 216 533 0 216 0 2
457 216 533 0 0 0 2
178 533 356 457 0 1494 3
178 533 356 1169 325 4978 3
330 457 165 457 114 762 4
330 165 457 686 0 3719 4
457 165 330 457 0 3389 5
165 330 457 787 0 5984 5
229 381 203 457 0 1291 6
229 381 203 609 0 6441 6
114 325 152 686 0 4176 7
325 114 152 1169 0 3160 7
114 152 325 686 0 966 7
114 152 325 1016 0 5334 7
325 114 152 457 571 762 7
325 152 114 0 660 762 7
114 325 152 787 0 1291 7
114 152 325 782 0 2835 7
152 114 325 457 0 4328 7
152 114 325 914 0 4653 7
152 114 325 1168 0 4328 7
325 114 152 457 0 762 7
152 114 325 1320 0 4328 7
114 152 325 686 0 0 7
152 114 325 635 0 4978 7
114 152 325 686 0 1850 7
152 325 114 1169 0 4978 7
152 114 325 1169 0 5659 7
114 152 325 787 0 1443 7
152 114 325 1016 0 4328 7
22 7 6 8 21 13 25 15 9 24 11 28 26 3 31 14 23 5 16 35 1 20 2 12 36 27 4 19 29 17 34 10 32 18 33 30 
8 2 3 30 1 28 11 21 19 6 15 23 35 7 9 32 5 24 4 13 22 12 17 36 25 18 27 26 29 33 31 10 20 34 14 16 
29 27 1 26 23 28 20 24 5 18 33 35 11 36 21 13 15 10 14 19 34 31 30 12 9 4 16 32 6 25 17 2 22 8 3 7 
36
229 610 483 483 0 483 1sansundertale
229 610 483 457 0 0 1
483 610 229 0 0 533 1
483 610 229 1168 0 4817 1
229 406 660 787 0 2307 2
406 660 229 0 0 762 2
457 216 533 0 216 0 2
457 216 533 0 0 0 2
178 533 356 457 0 1626 3
178 533 356 1016 0 5046 3
330 457 165 457 114 762 4
330 165 457 686 0 3558 4
330 165 457 686 0 966 5
165 330 457 787 0 6052 5
229 381 203 457 0 1423 6
229 381 203 609 0 6509 6
114 325 152 686 0 4015 7
325 114 152 1168 0 3406 7
114 325 152 457 0 3406 7
114 152 325 1016 0 5402 7
325 114 152 457 571 762 7
325 152 114 0 660 762 7
114 325 152 787 0 1423 7
114 152 325 782 0 2967 7
152 114 325 457 0 4167 7
152 114 325 896 0 4492 7
152 114 325 1168 0 4167 7
325 114 152 457 0 762 7
152 114 325 1320 0 4167 7
114 152 325 686 0 0 7
152 114 325 635 0 4817 7
114 152 325 686 0 1982 7
152 325 114 800 0 3292 7
152 114 325 1016 0 5727 7
114 152 325 787 0 1575 7
152 114 325 1016 0 4167 7
22 7 6 8 21 19 25 15 9 24 11 28 26 3 31 14 23 5 16 35 1 20 2 12 36 27 4 13 29 17 34 10 32 18 33 30 
8 2 3 30 1 28 11 21 13 6 15 23 35 7 9 32 5 24 33 19 22 12 17 36 25 18 27 26 29 4 31 10 20 34 14 16 
29 27 1 26 23 28 20 24 5 18 4 35 11 36 21 19 15 10 14 13 34 31 30 12 9 33 16 32 6 25 17 2 22 8 3 7 
36
229 610 483 483 0 483 1sansundertale
229 610 483 457 0 0 1
483 610 229 0 0 533 1
483 610 229 686 0 3292 1
229 406 660 787 0 2307 2
406 660 229 0 0 762 2
457 216 533 0 216 0 2
457 216 533 0 0 0 2
178 533 356 457 0 1626 3
178 533 356 1169 325 5257 3
330 457 165 457 114 762 4
330 165 457 686 0 3673 4
330 165 457 686 0 966 5
165 330 457 787 0 6263 5
229 381 203 457 0 1423 6
229 381 203 609 0 6720 6
114 325 152 686 0 4130 7
325 114 152 1169 0 3292 7
114 325 152 457 0 3521 7
114 152 325 1016 0 5613 7
325 114 152 457 571 762 7
325 152 114 0 660 762 7
114 325 152 1016 0 325 7
114 152 325 782 0 2967 7
152 114 325 457 0 4282 7
152 114 325 896 0 4607 7
152 114 325 1168 0 4282 7
325 114 152 457 0 762 7
152 114 325 896 0 4932 7
114 152 325 686 0 0 7
152 114 325 635 0 4932 7
114 152 325 686 0 1982 7
152 325 114 1169 0 5257 7
152 114 325 1169 0 5938 7
114 152 325 787 0 1423 7
152 114 325 1016 0 4282 7
22 7 6 8 21 19 25 15 9 24 11 28 26 3 31 14 29 5 16 35 1 20 2 12 36 27 4 13 23 17 34 10 32 18 33 30 
8 2 3 30 1 28 11 21 13 6 15 23 35 7 9 32 5 24 4 19 22 12 17 36 25 18 27 26 29 33 31 10 20 34 14 16 
23 27 1 26 29 28 20 24 5 18 33 35 11 36 21 19 15 10 14 13 34 31 30 12 9 4 16 32 6 25 17 2 22 8 3 7 
36
229 610 483 483 0 483 1sansundertale
229 610 483 457 0 0 1
483 610 229 0 0 533 1
483 610 229 686 0 3292 1
229 406 660 787 0 2307 2
406 660 229 0 0 762 2
457 216 533 0 216 0 2
457 216 533 0 0 0 2
178 533 356 457 0 1626 3
178 533 356 896 0 5371 3
330 457 165 457 114 762 4
330 165 457 686 0 3673 4
330 165 457 686 0 966 5
165 330 457 787 0 6377 5
229 381 203 457 0 1423 6
229 381 203 609 0 6834 6
114 325 152 686 0 4130 7
325 114 152 1169 0 3292 7
114 325 152 457 0 3521 7
114 152 325 1016 0 5727 7
325 114 152 457 571 762 7
325 152 114 0 660 762 7
114 325 152 787 0 1423 7
114 152 325 782 0 2967 7
152 114 325 457 0 4282 7
152 114 325 1169 0 4607 7
152 114 325 1168 0 4282 7
325 114 152 457 0 762 7
152 114 325 1320 0 4932 7
114 152 325 686 0 0 7
152 114 325 635 0 4282 7
114 152 325 686 0 1982 7
152 325 114 1321 0 5257 7
152 114 325 1169 0 6052 7
114 152 325 787 0 1575 7
152 114 325 1016 0 4282 7
22 7 6 8 21 19 25 15 9 24 11 28 10 3 31 14 23 5 16 35 1 20 2 12 36 27 4 13 29 17 34 26 32 18 33 30 
8 2 3 30 1 28 11 21 13 6 15 23 35 7 9 32 5 24 4 19 22 12 17 36 25 18 27 26 29 33 31 10 20 34 14 16 
29 27 1 10 23 28 20 24 5 18 33 35 11 36 21 19 15 26 14 13 34 31 30 12 9 4 16 32 6 25 17 2 22 8 3 7 
36
229 610 483 483 0 483 1sansundertale
229 610 483 457 0 0 1
483 610 229 0 0 533 1
483 610 229 686 0 2632 1
229 406 660 1016 0 1575 2
406 660 229 0 0 762 2
457 216 533 0 216 0 2
457 216 533 0 0 0 2
178 533 356 457 0 1626 3
178 533 356 1169 0 4424 3
330 457 165 457 114 762 4
330 165 457 686 0 3013 4
330 165 457 686 0 966 5
165 330 457 787 0 5430 5
229 381 203 457 0 1423 6
229 381 203 609 0 5887 6
114 325 152 686 0 3470 7
325 114 152 1169 0 2632 7
114 325 152 457 0 2861 7
114 152 325 1112 0 4780 7
325 114 152 457 571 762 7
325 152 114 0 660 762 7
114 325 152 787 0 1423 7
114 152 325 782 0 2307 7
152 114 325 457 0 3622 7
152 114 325 896 0 3947 7
152 114 325 1168 0 3622 7
325 114 152 457 0 762 7
152 114 325 1320 0 3622 7
114 152 325 686 0 0 7
152 114 325 635 0 4272 7
114 152 325 686 0 1982 7
325 114 152 787 0 4272 7
152 114 325 1169 0 5105 7
114 152 325 787 0 1575 7
152 114 325 1016 0 3622 7
22 7 6 8 21 19 25 15 9 24 11 28 26 3 31 14 23 33 16 35 1 20 2 12 36 27 4 13 29 17 34 10 32 18 5 30 
8 2 3 30 1 28 11 21 13 6 15 23 35 7 9 32 5 24 4 19 22 12 17 36 25 18 27 26 29 33 31 10 20 34 14 16 
29 27 1 26 23 28 20 24 5 18 33 35 11 36 21 19 15 10 14 13 34 31 30 12 9 4 16 32 6 25 17 2 22 8 3 7 
36
229 610 483 483 0 483 1sansundertale
229 610 483 457 0 0 1
483 610 229 0 0 533 1
483 610 229 686 0 3292 1
229 406 660 787 0 2307 2
406 660 229 0 0 762 2
457 216 533 0 216 0 2
457 216 533 0 0 0 2
178 533 356 457 0 1626 3
178 533 356 1169 325 4589 3
330 457 165 457 114 762 4
330 165 457 457 0 3939 4
330 165 457 686 0 966 5
165 330 457 939 0 5595 5
229 381 203 457 0 1423 6
229 381 203 483 0 6052 6
114 325 152 686 0 3787 7
325 114 152 1169 0 3292 7
114 325 152 457 0 3521 7
114 152 325 1016 0 4945 7
325 114 152 457 571 762 7
325 152 114 0 660 762 7
114 325 152 787 0 1423 7
114 152 325 782 0 2967 7
152 325 114 686 0 3673 7
152 114 325 896 0 4264 7
152 114 325 1016 0 3939 7
325 114 152 457 0 762 7
152 114 325 1169 0 3939 7
114 152 325 686 0 0 7
152 114 325 787 0 4589 7
114 152 325 686 0 1982 7
152 325 114 1169 0 4589 7
152 114 325 1169 0 5270 7
114 152 325 787 0 1575 7
152 114 325 838 0 3939 7
22 7 6 8 21 19 12 15 9 24 11 28 26 3 31 14 23 5 16 35 1 20 2 25 36 27 4 13 29 17 34 10 32 18 33 30 
8 2 3 30 1 28 11 21 13 6 15 23 35 7 9 32 5 24 4 19 22 25 17 36 12 18 27 26 29 33 31 10 20 34 14 16 
29 27 1 26 23 28 20 24 5 18 33 35 11 36 21 19 15 10 14 13 34 31 30 12 9 4 16 32 6 25 17 2 22 8 3 7 
36
229 610 483 483 0 483 1sansundertale
229 610 483 457 0 0 1
483 610 229 0 0 533 1
483 610 229 686 0 3292 1
229 406 660 787 0 2307 2
406 660 229 0 0 762 2
457 216 533 0 216 0 2
457 216 533 0 0 0 2
178 533 356 457 0 1626 3
178 533 356 686 0 4973 3
330 457 165 457 114 762 4
330 165 457 686 0 3673 4
330 165 457 686 0 966 5
165 330 457 787 0 5979 5
229 381 203 457 0 1423 6
229 381 203 609 0 6436 6
114 152 325 1169 0 3673 7
325 114 152 1283 0 3292 7
114 325 152 457 0 3521 7
114 152 325 1016 0 5329 7
325 114 152 457 571 762 7
325 152 114 0 660 762 7
114 325 152 787 0 1423 7
114 152 325 782 0 2967 7
152 114 325 457 0 3673 7
152 114 325 896 0 4323 7
152 114 325 1168 0 3998 7
325 114 152 457 0 762 7
152 114 325 1320 0 3998 7
114 152 325 686 0 0 7
152 114 325 635 0 4648 7
114 152 325 686 0 1982 7
152 325 114 1283 0 4648 7
152 114 325 1169 0 5654 7
114 152 325 787 0 1575 7
152 114 325 1016 0 3998 7
22 7 6 8 21 19 25 15 9 24 11 28 26 3 31 14 23 5 16 35 1 20 2 12 36 27 4 13 29 10 34 17 32 18 33 30 
8 2 3 30 1 28 11 21 13 6 15 23 35 7 9 32 5 24 4 19 22 12 17 36 25 18 27 26 29 33 31 10 20 34 14 16 
29 27 1 26 23 28 20 24 5 18 33 35 11 36 21 19 15 17 14 13 34 31 30 12 9 4 16 32 6 25 10 2 22 8 3 7 
36
229 610 483 483 0 483 1sansundertale
229 610 483 457 0 0 1
483 610 229 0 0 533 1
483 610 229 483 0 3292 1
229 406 660 787 0 2307 2
406 660 229 0 0 762 2
457 216 533 0 216 0 2
457 216 533 0 0 0 2
178 533 356 457 0 1626 3
178 533 356 966 0 5046 3
330 457 165 457 114 762 4
330 165 457 635 0 3673 4
330 165 457 483 0 966 5
165 330 457 787 0 6052 5
229 381 203 457 0 1423 6
229 381 203 609 0 6509 6
114 325 152 483 0 4130 7
325 114 152 1117 0 3292 7
114 325 152 457 0 3521 7
114 152 325 1016 0 5402 7
325 114 152 457 571 762 7
325 152 114 0 660 762 7
114 325 152 787 0 1423 7
114 152 325 782 0 2967 7
152 114 325 457 0 4282 7
152 114 325 896 0 4607 7
152 114 325 1117 0 4282 7
325 114 152 457 0 762 7
152 114 325 1269 0 4282 7
114 152 325 686 0 0 7
152 114 325 635 0 4932 7
114 152 325 483 0 1982 7
152 325 114 901 0 4932 7
152 114 325 966 0 5727 7
114 152 325 787 0 1575 7
152 114 325 965 0 4282 7
22 7 6 8 21 19 25 15 9 24 11 28 26 3 31 14 23 5 16 35 1 20 33 12 36 27 4 13 29 17 34 10 32 18 2 30 
8 2 3 30 1 28 11 21 13 6 15 23 35 7 9 32 5 24 4 19 22 12 17 36 25 18 27 26 29 33 31 10 20 34 14 16 
29 27 1 26 23 28 20 24 5 18 33 35 11 36 21 19 15 10 14 13 34 31 30 12 9 4 16 32 6 25 17 2 22 8 3 7 
36
229 610 483 483 0 483 1sansundertale
229 610 483 457 0 0 1
483 610 229 0 0 533 1
483 610 229 686 0 3292 1
229 406 660 787 0 2307 2
406 660 229 0 0 762 2
457 216 533 0 216 0 2
457 216 533 0 0 0 2
178 533 356 457 0 1626 3
178 533 356 1169 325 4607 3
330 457 165 457 114 762 4
330 165 457 686 0 3673 4
330 165 457 686 0 966 5
165 330 457 787 0 4282 5
229 381 203 457 0 1423 6
229 381 203 609 0 4739 6
114 325 152 686 0 4130 7
325 114 152 1169 0 3292 7
114 325 152 457 0 3521 7
114 152 325 1016 0 4963 7
325 114 152 457 571 762 7
325 152 114 0 660 762 7
114 325 152 787 0 1423 7
114 152 325 782 0 2967 7
152 114 325 457 0 4282 7
152 325 114 635 0 4282 7
152 114 325 1168 0 4282 7
325 114 152 457 0 762 7
152 114 325 1320 0 4282 7
114 152 325 686 0 0 7
152 114 325 635 0 4396 7
114 152 325 686 0 1982 7
152 325 114 1169 0 4607 7
152 325 114 1169 0 4963 7
114 152 325 787 0 1575 7
152 114 325 1016 0 4282 7
22 7 6 8 21 19 25 15 9 24 11 28 26 3 31 14 23 5 16 35 1 20 2 12 36 27 4 13 29 17 34 10 32 18 33 30 
8 2 3 30 1 28 11 21 13 6 15 23 35 7 9 32 5 24 4 19 22 12 17 36 25 18 27 26 29 33 31 10 20 34 14 16 
29 27 1 34 23 28 20 24 5 18 33 35 11 36 21 19 15 10 14 13 26 31 30 12 9 4 16 32 6 25 17 2 22 8 3 7 
36
229 610 483 483 0 483 1sansundertale
229 610 483 457 0 0 1
483 610 229 0 0 533 1
483 610 229 686 0 3165 1
229 406 660 686 0 966 2
406 660 229 0 0 762 2
457 216 533 0 216 0 2
457 216 533 0 0 0 2
178 533 356 457 0 1829 3
178 533 356 1169 325 4805 3
330 457 165 457 114 762 4
330 165 457 686 0 3546 4
457 165 330 787 0 2510 5
165 330 457 787 0 5811 5
229 381 203 457 0 1626 6
229 381 203 609 0 6268 6
114 325 152 686 0 4003 7
325 114 152 1169 0 3165 7
114 325 152 457 0 3394 7
114 152 325 1244 0 5161 7
325 114 152 457 571 762 7
325 152 114 0 660 762 7
114 325 152 787 0 1626 7
114 152 325 782 0 2840 7
152 114 325 457 0 4155 7
152 114 325 896 0 4480 7
152 114 325 1244 0 4155 7
325 114 152 457 0 762 7
152 114 325 1396 0 4155 7
114 152 325 686 0 0 7
152 114 325 635 0 4805 7
114 152 325 686 0 2185 7
152 325 114 1169 0 4805 7
152 114 325 1169 0 5486 7
114 152 325 787 0 1778 7
152 114 325 1016 0 4155 7
22 7 6 8 21 19 25 15 9 24 11 28 26 3 31 14 23 13 16 35 1 20 2 12 36 27 4 5 29 17 34 10 32 18 33 30 
8 2 3 30 1 28 11 21 5 6 15 23 35 7 9 32 13 24 4 19 22 12 17 36 25 18 27 26 29 33 31 10 20 34 14 16 
29 27 1 26 23 28 20 24 13 18 33 35 11 36 21 19 15 10 14 5 34 31 30 12 9 4 16 32 6 25 17 2 22 8 3 7 
36
229 610 483 483 0 483 1sansundertale
229 610 483 457 0 0 1
483 610 229 0 0 533 1
229 610 483 686 0 1900 1
229 406 660 787 0 2708 2
406 660 229 0 0 762 2
457 216 533 0 216 0 2
457 216 533 0 0 0 2
178 533 356 457 0 2708 3
178 533 356 1016 325 4952 3
330 457 165 457 114 762 4
330 165 457 686 0 3693 4
330 165 457 686 0 966 5
165 330 457 787 0 5958 5
229 381 203 457 0 1423 6
229 381 203 609 0 6415 6
114 325 152 686 0 4150 7
325 114 152 1168 0 3693 7
114 325 152 457 0 3064 7
114 152 325 1016 0 5308 7
325 114 152 457 571 762 7
325 152 114 0 660 762 7
114 325 152 787 0 1423 7
114 152 325 782 0 3368 7
152 114 325 457 0 4302 7
152 114 325 896 0 4627 7
152 114 325 1168 0 4302 7
325 114 152 457 0 762 7
152 114 325 1320 0 4302 7
114 152 325 686 0 0 7
152 114 325 635 0 4952 7
114 152 325 686 0 2383 7
152 325 114 1168 0 4952 7
152 114 325 1016 0 5633 7
114 152 325 787 0 1575 7
152 114 325 1016 0 4302 7
22 7 6 8 21 19 25 15 9 24 11 28 26 3 31 14 23 5 16 35 1 20 2 12 36 27 4 13 29 17 34 10 32 18 33 30 
8 2 3 30 1 28 11 21 13 6 15 23 35 7 4 32 5 24 9 19 22 12 17 36 25 18 27 26 29 33 31 10 20 34 14 16 
29 27 1 26 23 28 20 24 5 18 33 35 11 36 21 19 15 10 14 13 34 31 30 12 9 4 16 32 6 25 17 2 22 8 3 7 
36
229 610 483 483 0 483 1sansundertale
229 610 483 457 0 0 1
483 610 229 0 0 533 1
483 610 229 686 0 3292 1
229 406 660 787 0 2307 2
406 660 229 0 0 762 2
457 216 533 0 216 0 2
457 216 533 0 0 0 2
178 533 356 457 0 1626 3
178 533 356 1169 325 4932 3
330 457 165 457 114 762 4
330 165 457 686 0 3673 4
330 165 457 686 0 966 5
165 330 457 787 0 5938 5
229 381 203 457 0 1423 6
229 381 203 609 0 6395 6
114 152 325 896 0 4607 7
325 114 152 1169 0 3292 7
114 325 152 457 0 3521 7
114 152 325 1016 0 5288 7
325 114 152 457 571 762 7
325 152 114 0 660 762 7
114 325 152 787 0 1423 7
114 152 325 782 0 2967 7
152 114 325 457 0 4282 7
325 114 152 686 0 4130 7
152 114 325 1168 0 4282 7
325 114 152 457 0 762 7
152 114 325 1320 0 4282 7
114 152 325 686 0 0 7
152 114 325 635 0 4932 7
114 152 325 686 0 1982 7
152 325 114 1169 0 4932 7
152 114 325 1169 0 5613 7
114 152 325 787 0 1575 7
152 114 325 1016 0 4282 7
22 7 6 8 21 19 25 15 9 24 11 28 17 3 31 14 23 5 16 35 1 20 2 12 36 27 4 13 29 26 34 10 32 18 33 30 
8 2 3 30 1 28 11 21 13 6 15 23 35 7 9 32 5 24 4 19 22 12 26 36 25 18 27 17 29 33 31 10 20 34 14 16 
29 27 1 17 23 28 20 24 5 18 33 35 11 36 21 19 15 10 14 13 34 31 30 12 9 4 16 32 6 25 26 2 22 8 3 7 
36
229 610 483 483 0 483 1sansundertale
229 610 483 457 0 0 1
483 610 229 0 0 533 1
483 610 229 686 0 3088 1
229 406 660 787 0 2103 2
406 660 229 0 0 762 2
457 216 533 0 216 0 2
457 216 533 0 0 0 2
178 533 356 457 0 1951 3
178 533 356 1169 325 4728 3
330 457 165 457 114 762 4
330 165 457 686 0 3469 4
330 165 457 686 0 966 5
165 330 457 787 0 5734 5
229 381 203 457 0 1423 6
229 381 203 609 0 6191 6
114 325 152 686 0 3926 7
325 114 152 1169 0 3088 7
114 325 152 457 0 3317 7
114 152 325 1016 0 5084 7
325 114 152 457 571 762 7
325 152 114 0 660 762 7
114 325 152 787 0 1423 7
114 152 325 782 0 2763 7
152 114 325 457 0 4078 7
152 114 325 896 0 4403 7
152 114 325 1168 0 4078 7
325 114 152 457 0 762 7
152 114 325 1320 0 4078 7
114 152 325 686 0 0 7
152 114 325 635 0 4728 7
152 114 325 686 0 1626 7
152 325 114 1169 0 4728 7
152 114 325 1169 0 5409 7
114 325 152 787 0 1951 7
152 114 325 1016 0 4078 7
22 7 6 8 21 19 25 15 9 24 11 28 26 3 31 14 23 5 16 35 1 20 2 12 36 27 4 13 29 17 34 10 32 18 33 30 
8 2 3 30 1 28 11 21 13 6 15 23 32 7 9 35 5 24 4 19 22 12 17 36 25 18 27 26 29 33 31 10 20 34 14 16 
29 27 1 26 23 28 20 24 5 18 33 35 11 36 21 19 15 10 14 13 34 31 30 12 9 4 16 32 6 25 17 2 22 8 3 7 
36
229 610 483 483 0 483 1sansundertale
229 610 483 457 0 0 1
483 610 229 0 0 533 1
483 610 229 686 0 3292 1
229 406 660 787 0 2307 2
406 660 229 0 0 762 2
457 216 533 0 216 0 2
457 216 533 0 0 0 2
178 533 356 457 0 1626 3
178 533 356 1169 0 5257 3
330 457 165 457 114 762 4
330 165 457 686 0 3673 4
330 165 457 686 0 966 5
165 330 457 787 0 6263 5
229 381 203 457 0 1423 6
229 381 203 609 0 6720 6
114 325 152 686 0 4130 7
325 114 152 1169 0 3292 7
114 325 152 457 0 3521 7
114 152 325 1016 0 5613 7
325 114 152 457 571 762 7
325 152 114 0 660 762 7
114 325 152 787 0 1423 7
114 152 325 782 0 2967 7
152 114 325 457 0 4282 7
152 114 325 896 0 4607 7
152 114 325 1168 0 4282 7
325 114 152 457 0 762 7
152 114 325 1320 0 4282 7
114 152 325 686 0 0 7
152 114 325 635 0 4932 7
114 152 325 686 0 1982 7
325 152 114 1016 0 1575 7
152 114 325 1169 0 5938 7
114 152 325 787 0 4932 7
152 114 325 1016 0 4282 7
22 7 6 8 21 19 25 15 9 24 11 28 26 3 31 14 23 5 16 35 1 20 2 12 36 27 4 13 29 17 34 10 32 18 33 30 
8 2 3 30 1 28 11 21 13 6 15 23 33 7 9 32 5 24 4 19 22 12 17 36 25 18 27 26 29 35 31 10 20 34 14 16 
29 27 1 26 23 28 20 24 5 18 33 35 11 36 21 19 15 10 14 13 34 31 30 12 9 4 16 32 6 25 17 2 22 8 3 7 
36
229 610 483 483 0 483 1sansundertale
229 610 483 457 0 0 1
483 610 229 0 0 533 1
483 610 229 686 0 3292 1
229 406 660 787 0 2307 2
406 660 229 0 0 762 2
457 216 533 0 216 0 2
457 216 533 0 0 0 2
178 533 356 457 0 1626 3
178 533 356 1169 0 5257 3
330 457 165 457 114 762 4
330 165 457 686 0 3673 4
330 165 457 686 0 966 5
165 330 457 787 0 6263 5
229 381 203 457 0 1423 6
229 381 203 609 0 6720 6
114 325 152 686 0 4130 7
325 114 152 1169 0 3292 7
114 325 152 457 0 3521 7
114 152 325 1016 0 5613 7
325 114 152 457 571 762 7
325 152 114 0 660 762 7
114 325 152 787 0 1423 7
114 152 325 782 0 2967 7
152 114 325 457 0 4282 7
152 114 325 896 0 4607 7
152 114 325 1168 0 4282 7
325 114 152 457 0 762 7
152 114 325 1320 0 4282 7
114 152 325 686 0 0 7
152 114 325 635 0 4932 7
114 152 325 686 0 1982 7
114 325 152 1016 0 1575 7
152 114 325 1169 0 5938 7
152 114 325 787 0 4932 7
152 114 325 1016 0 4282 7
22 7 6 8 21 19 25 15 9 24 11 28 26 3 31 14 23 5 16 35 1 20 2 12 36 27 4 13 29 17 34 10 32 18 33 30 
8 2 3 30 1 28 11 21 13 6 15 23 33 7 9 32 5 24 4 19 22 12 17 36 25 18 27 26 29 35 31 10 20 34 14 16 
29 27 1 26 23 28 20 24 5 18 35 33 11 36 21 19 15 10 14 13 34 31 30 12 9 4 16 32 6 25 17 2 22 8 3 7 
36
229 610 483 483 0 483 1sansundertale
229 610 483 457 0 0 1
483 610 229 0 0 533 1
483 610 229 686 0 3292 1
229 406 660 787 0 2307 2
406 660 229 0 0 762 2
457 216 533 0 216 0 2
457 216 533 0 0 0 2
178 533 356 457 0 1626 3
178 533 356 1169 0 5696 3
330 457 165 457 114 762 4
